{
	"name": "The French Date",
	"creator": "NikolaMX",
	"version": "1.00",
	"date": "21.05.2017",
	"description": "A multi-planet for you and your french date!1v1-2v2-8pFFA Show your skills in contesting two small spawn planets, a small gas giant or the not-so-small 28cm anihilazer",

	"planets": [{
			"name": "Compliments",
			"mass": 50000,
			"position_x": 14124.8935546875,
			"position_y": 11993.6435546875,
			"velocity_x": -106.32215881347656,
			"velocity_y": 125.21540832519531,
			"required_thrust_to_move": 0,
			"starting_planet": false,
			"respawn": false,
			"start_destroyed": false,
			"min_spawn_delay": 0,
			"max_spawn_delay": 0,
			"planet": {
				"seed": 1269681024,
				"radius": 250,
				"heightRange": 0,
				"waterHeight": 0,
				"waterDepth": 100,
				"temperature": 70,
				"metalDensity": 0,
				"metalClusters": 0,
				"metalSpotLimit": -1,
				"biomeScale": 100.00000013739177,
				"biome": "gas",
				"symmetryType": "none",
				"symmetricalMetal": false,
				"symmetricalStarts": false,
				"numArmies": 2,
				"landingZonesPerArmy": 0,
				"landingZoneSize": 0
			},
			"planetCSG": [],
			"metal_spots": [],
			"landing_zones": {
				"list": [],
				"rules": []
			}
		},
		{
			"name": "Buy a Flower",
			"mass": 5000,
			"position_x": 13761.72265625,
			"position_y": 14538.8564453125,
			"velocity_x": 202.38230895996094,
			"velocity_y": 169.2637939453125,
			"required_thrust_to_move": 2,
			"starting_planet": true,
			"respawn": false,
			"start_destroyed": false,
			"min_spawn_delay": 0,
			"max_spawn_delay": 0,
			"planet": {
				"seed": 1858807808,
				"radius": 250,
				"heightRange": 50,
				"waterHeight": 0,
				"waterDepth": 100,
				"temperature": 0,
				"metalDensity": 14,
				"metalClusters": 5,
				"metalSpotLimit": -1,
				"biomeScale": 50,
				"biome": "moon",
				"symmetryType": "terrain and CSG",
				"symmetricalMetal": true,
				"symmetricalStarts": true,
				"numArmies": 2,
				"landingZonesPerArmy": 0,
				"landingZoneSize": 0
			},
			"planetCSG": [{
					"spec": "/pa/terrain/metal/brushes/metal_structure_09.json",
					"weight": [
						0,
						0,
						0,
						0
					],
					"proj": "BP_Bend",
					"op": "BO_Add",
					"transform": [
						0.932449221611023, -0.05879465490579605,
						0.3564850389957428,
						100.88854217529297, -0.05879465490579605,
						0.9488264322280884,
						0.3102765679359436,
						87.81111907958984, -0.3564850389957428, -0.3102765679359436,
						0.8812757134437561,
						249.40911865234375
					],
					"scale": [
						1,
						1,
						1
					],
					"rotation": 0,
					"position": [
						100.53205871582031,
						87.5008544921875,
						248.52786254882812
					],
					"height": 283.0091857910156,
					"weightHard": false,
					"weightScale": [
						1,
						1,
						1
					],
					"mirrored": false,
					"twinId": 5,
					"flooded": false,
					"pathable": false,
					"mergeable": false,
					"no_features": false
				},
				{
					"spec": "/pa/terrain/metal/brushes/metal_structure_09.json",
					"weight": [
						0,
						0,
						0,
						0
					],
					"proj": "BP_Bend",
					"op": "BO_Add",
					"transform": [
						0.932449221611023, -0.05879465490579605,
						0.3564850389957428,
						100.88854217529297, -0.05879465490579605,
						0.9488264322280884,
						0.3102765679359436,
						87.81111907958984,
						0.3564850389957428,
						0.3102765679359436, -0.8812757134437561, -249.40911865234375
					],
					"scale": [
						1,
						1,
						1
					],
					"rotation": 0,
					"position": [
						100.53205871582031,
						87.5008544921875,
						248.52786254882812
					],
					"height": 283.0091857910156,
					"weightHard": false,
					"weightScale": [
						1,
						1,
						1
					],
					"mirrored": true,
					"twinId": 5,
					"flooded": false,
					"pathable": false,
					"mergeable": false,
					"no_features": false
				},
				{
					"spec": "/pa/terrain/lava/brushes/lava_volcano_04.json",
					"weight": [
						0,
						0,
						0,
						0
					],
					"proj": "BP_Bend",
					"op": "BO_Add",
					"transform": [
						0.4246253967285156, -0.42722612619400024, -0.5997258424758911, -179.6251678466797, -0.42722612619400024,
						0.42091432213783264, -0.6023362278938293, -180.40701293945312,
						0.5997258424758911,
						0.6023362278938293, -0.004460251424461603, -1.3358994722366333
					],
					"scale": [
						0.8500000238418579,
						0.8500000238418579,
						0.8500000238418579
					],
					"rotation": 0,
					"position": [-179.62518310546875, -180.40704345703125, -1.3358993530273438],
					"height": 254.5853271484375,
					"weightHard": false,
					"weightScale": [
						1,
						1,
						1
					],
					"mirrored": false,
					"twinId": 6,
					"flooded": false,
					"pathable": false,
					"mergeable": false,
					"no_features": false
				},
				{
					"spec": "/pa/terrain/lava/brushes/lava_volcano_04.json",
					"weight": [
						0,
						0,
						0,
						0
					],
					"proj": "BP_Bend",
					"op": "BO_Add",
					"transform": [
						0.4246253967285156, -0.42722612619400024, -0.5997258424758911, -179.62518310546875, -0.42722612619400024,
						0.42091432213783264, -0.6023362278938293, -180.4070281982422, -0.5997258424758911, -0.6023362278938293,
						0.004460251424461603,
						1.3358995914459229
					],
					"scale": [
						0.8500000238418579,
						0.8500000238418579,
						0.8500000238418579
					],
					"rotation": 0,
					"position": [-179.62518310546875, -180.40704345703125, -1.3358993530273438],
					"height": 254.5853271484375,
					"weightHard": false,
					"weightScale": [
						1,
						1,
						1
					],
					"mirrored": true,
					"twinId": 6,
					"flooded": false,
					"pathable": false,
					"mergeable": false,
					"no_features": false
				},
				{
					"spec": "/pa/terrain/lava/brushes/lava_crack_04.json",
					"weight": [
						0,
						0,
						0,
						0
					],
					"proj": "BP_Bend",
					"op": "BO_Subtract",
					"transform": [
						0.45793360471725464, -0.299355149269104, -0.24633990228176117, -104.80690002441406, -0.299355149269104, -0.030785895884037018, -0.5190749168395996, -220.84376525878906,
						0.24633990228176117,
						0.5190749168395996, -0.17285235226154327, -73.54115295410156
					],
					"scale": [
						0.6000000238418579,
						0.6000000238418579,
						0.6000000238418579
					],
					"rotation": 0,
					"position": [-104.806884765625, -220.84375, -73.54116821289062],
					"height": 255.2738800048828,
					"weightHard": false,
					"weightScale": [
						1,
						1,
						1
					],
					"mirrored": false,
					"twinId": 7,
					"flooded": false,
					"pathable": false,
					"mergeable": false,
					"no_features": true
				},
				{
					"spec": "/pa/terrain/lava/brushes/lava_crack_04.json",
					"weight": [
						0,
						0,
						0,
						0
					],
					"proj": "BP_Bend",
					"op": "BO_Subtract",
					"transform": [
						0.45793360471725464, -0.299355149269104, -0.24633990228176117, -104.80690002441406, -0.299355149269104, -0.030785895884037018, -0.5190749168395996, -220.84375, -0.24633990228176117, -0.5190749168395996,
						0.17285235226154327,
						73.54115295410156
					],
					"scale": [
						0.6000000238418579,
						0.6000000238418579,
						0.6000000238418579
					],
					"rotation": 0,
					"position": [-104.806884765625, -220.84375, -73.54116821289062],
					"height": 255.2738800048828,
					"weightHard": false,
					"weightScale": [
						1,
						1,
						1
					],
					"mirrored": true,
					"twinId": 7,
					"flooded": false,
					"pathable": false,
					"mergeable": false,
					"no_features": true
				},
				{
					"spec": "/pa/terrain/lava/brushes/lava_crack_01.json",
					"weight": [
						0,
						0,
						0,
						0
					],
					"proj": "BP_Bend",
					"op": "BO_Subtract",
					"transform": [
						0.1746433973312378, -0.3686741292476654, -0.6293482184410095, -217.85032653808594, -0.4996337890625,
						0.41099292039871216, -0.37940871715545654, -131.33319091796875,
						0.5313810706138611,
						0.5076064467430115, -0.14989972114562988, -51.88813400268555
					],
					"scale": [
						0.75,
						0.75,
						0.75
					],
					"rotation": -0.2200000286102295,
					"position": [-215.33291625976562, -129.8155517578125, -51.288551330566406],
					"height": 259.6142272949219,
					"weightHard": false,
					"weightScale": [
						1,
						1,
						1
					],
					"mirrored": false,
					"twinId": 9,
					"flooded": true,
					"pathable": false,
					"mergeable": false,
					"no_features": true
				},
				{
					"spec": "/pa/terrain/lava/brushes/lava_crack_01.json",
					"weight": [
						0,
						0,
						0,
						0
					],
					"proj": "BP_Bend",
					"op": "BO_Subtract",
					"transform": [
						0.1746433973312378, -0.3686741292476654, -0.6293482184410095, -217.85031127929688, -0.4996337890625,
						0.41099292039871216, -0.37940871715545654, -131.3331756591797, -0.5313810706138611, -0.5076064467430115,
						0.14989972114562988,
						51.88813400268555
					],
					"scale": [
						0.75,
						0.75,
						0.75
					],
					"rotation": -0.2200000286102295,
					"position": [-215.33291625976562, -129.8155517578125, -51.288551330566406],
					"height": 259.6142272949219,
					"weightHard": false,
					"weightScale": [
						1,
						1,
						1
					],
					"mirrored": true,
					"twinId": 9,
					"flooded": false,
					"pathable": false,
					"mergeable": false,
					"no_features": true
				},
				{
					"spec": "/pa/terrain/lava/brushes/lava_crack_04.json",
					"weight": [
						0,
						0,
						0,
						0
					],
					"proj": "BP_Bend",
					"op": "BO_Subtract",
					"transform": [
						0.23736178874969482, -0.4138270914554596, -0.36387717723846436, -158.43841552734375, -0.3903544843196869,
						0.1533789336681366, -0.42906686663627625, -186.82315063476562,
						0.3889509439468384,
						0.4064752459526062, -0.2085549235343933, -90.80842590332031
					],
					"scale": [
						0.6000000238418579,
						0.6000000238418579,
						0.6000000238418579
					],
					"rotation": 0.059999994933605194,
					"position": [-158.43841552734375, -186.8231201171875, -90.80838012695312],
					"height": 261.2503967285156,
					"weightHard": false,
					"weightScale": [
						1,
						1,
						1
					],
					"mirrored": false,
					"twinId": 10,
					"flooded": true,
					"pathable": false,
					"mergeable": false,
					"no_features": true
				},
				{
					"spec": "/pa/terrain/lava/brushes/lava_crack_04.json",
					"weight": [
						0,
						0,
						0,
						0
					],
					"proj": "BP_Bend",
					"op": "BO_Subtract",
					"transform": [
						0.23736178874969482, -0.4138270914554596, -0.36387717723846436, -158.43841552734375, -0.3903544843196869,
						0.1533789336681366, -0.42906686663627625, -186.82313537597656, -0.3889509439468384, -0.4064752459526062,
						0.2085549235343933,
						90.80841827392578
					],
					"scale": [
						0.6000000238418579,
						0.6000000238418579,
						0.6000000238418579
					],
					"rotation": 0.059999994933605194,
					"position": [-158.43841552734375, -186.8231201171875, -90.80838012695312],
					"height": 261.2503967285156,
					"weightHard": false,
					"weightScale": [
						1,
						1,
						1
					],
					"mirrored": true,
					"twinId": 10,
					"flooded": false,
					"pathable": false,
					"mergeable": false,
					"no_features": true
				},
				{
					"spec": "/pa/terrain/metal/brushes/metal_structure_05.json",
					"weight": [
						0,
						0,
						0,
						0
					],
					"proj": "BP_Bend",
					"op": "BO_Add",
					"transform": [
						0.9994388818740845,
						0.018394025042653084, -0.027992382645606995, -7.665985107421875,
						0.018394025042653084,
						0.39702099561691284,
						0.9176251888275146,
						251.300537109375,
						0.027992382645606995, -0.9176251888275146,
						0.3964598774909973,
						108.57437896728516
					],
					"scale": [
						1,
						1,
						1
					],
					"rotation": 0,
					"position": [-7.665985107421875,
						251.300537109375,
						108.57435607910156
					],
					"height": 273.85968017578125,
					"weightHard": false,
					"weightScale": [
						1,
						1,
						1
					],
					"mirrored": false,
					"twinId": 11,
					"flooded": false,
					"pathable": false,
					"mergeable": false,
					"no_features": false
				},
				{
					"spec": "/pa/terrain/metal/brushes/metal_structure_05.json",
					"weight": [
						0,
						0,
						0,
						0
					],
					"proj": "BP_Bend",
					"op": "BO_Add",
					"transform": [
						0.9994388818740845,
						0.018394025042653084, -0.027992382645606995, -7.665985584259033,
						0.018394025042653084,
						0.39702099561691284,
						0.9176251888275146,
						251.300537109375, -0.027992382645606995,
						0.9176251888275146, -0.3964598774909973, -108.57438659667969
					],
					"scale": [
						1,
						1,
						1
					],
					"rotation": 0,
					"position": [-7.665985107421875,
						251.300537109375,
						108.57435607910156
					],
					"height": 273.85968017578125,
					"weightHard": false,
					"weightScale": [
						1,
						1,
						1
					],
					"mirrored": true,
					"twinId": 11,
					"flooded": false,
					"pathable": false,
					"mergeable": false,
					"no_features": false
				},
				{
					"spec": "/pa/terrain/metal/brushes/metal_structure_05.json",
					"weight": [
						0,
						0,
						0,
						0
					],
					"proj": "BP_Bend",
					"op": "BO_Add",
					"transform": [
						0.9127357006072998,
						0.0026923716068267822,
						0.40854179859161377,
						116.46092987060547, -0.37518006563186646,
						0.40135496854782104,
						0.8355562090873718,
						238.18775939941406, -0.1617206335067749, -0.9159186482429504,
						0.3673411011695862,
						104.71605682373047
					],
					"scale": [
						1,
						1,
						1
					],
					"rotation": -0.2800000011920929,
					"position": [
						116.46092224121094,
						238.187744140625,
						104.71604919433594
					],
					"height": 285.0649108886719,
					"weightHard": false,
					"weightScale": [
						1,
						1,
						1
					],
					"mirrored": false,
					"twinId": 12,
					"flooded": false,
					"pathable": false,
					"mergeable": false,
					"no_features": false
				},
				{
					"spec": "/pa/terrain/metal/brushes/metal_structure_05.json",
					"weight": [
						0,
						0,
						0,
						0
					],
					"proj": "BP_Bend",
					"op": "BO_Add",
					"transform": [
						0.9127357006072998,
						0.0026923716068267822,
						0.40854179859161377,
						116.4609375, -0.37518006563186646,
						0.40135496854782104,
						0.8355562090873718,
						238.18775939941406,
						0.1617206335067749,
						0.9159186482429504, -0.3673411011695862, -104.716064453125
					],
					"scale": [
						1,
						1,
						1
					],
					"rotation": -0.2800000011920929,
					"position": [
						116.46092224121094,
						238.187744140625,
						104.71604919433594
					],
					"height": 285.0649108886719,
					"weightHard": false,
					"weightScale": [
						1,
						1,
						1
					],
					"mirrored": true,
					"twinId": 12,
					"flooded": false,
					"pathable": false,
					"mergeable": false,
					"no_features": false
				},
				{
					"spec": "/pa/terrain/metal/brushes/metal_structure_08.json",
					"weight": [
						0,
						0,
						0,
						0
					],
					"proj": "BP_Bend",
					"op": "BO_Add",
					"transform": [
						0.8620188236236572, -0.021671801805496216,
						0.50641268491745,
						144.7381591796875, -0.4873266816139221,
						0.2393587976694107,
						0.8397738337516785,
						240.01634216308594, -0.1394137442111969, -0.9706892967224121,
						0.19577056169509888,
						55.95331954956055
					],
					"scale": [
						1,
						1,
						1
					],
					"rotation": -0.3999998867511749,
					"position": [
						144.7381591796875,
						240.016357421875,
						55.95332717895508
					],
					"height": 285.8106994628906,
					"weightHard": false,
					"weightScale": [
						1,
						1,
						1
					],
					"mirrored": false,
					"twinId": 13,
					"flooded": false,
					"pathable": false,
					"mergeable": false,
					"no_features": false
				},
				{
					"spec": "/pa/terrain/metal/brushes/metal_structure_08.json",
					"weight": [
						0,
						0,
						0,
						0
					],
					"proj": "BP_Bend",
					"op": "BO_Add",
					"transform": [
						0.8620188236236572, -0.021671801805496216,
						0.50641268491745,
						144.7381591796875, -0.4873266816139221,
						0.2393587976694107,
						0.8397738337516785,
						240.01634216308594,
						0.1394137442111969,
						0.9706892967224121, -0.19577056169509888, -55.95331954956055
					],
					"scale": [
						1,
						1,
						1
					],
					"rotation": -0.3999998867511749,
					"position": [
						144.7381591796875,
						240.016357421875,
						55.95332717895508
					],
					"height": 285.8106994628906,
					"weightHard": false,
					"weightScale": [
						1,
						1,
						1
					],
					"mirrored": true,
					"twinId": 13,
					"flooded": false,
					"pathable": false,
					"mergeable": false,
					"no_features": false
				},
				{
					"spec": "/pa/terrain/metal/brushes/metal_structure_09.json",
					"weight": [
						0,
						0,
						0,
						0
					],
					"proj": "BP_Bend",
					"op": "BO_Add",
					"transform": [-0.875126838684082,
						0.11164546012878418, -0.4708378314971924, -127.05029296875, -0.47644251585006714, -0.3688983917236328,
						0.7980703711509705,
						215.35031127929688, -0.08459040522575378,
						0.9227399826049805,
						0.37602555751800537,
						101.46626281738281
					],
					"scale": [
						1,
						1,
						1
					],
					"rotation": -2.699998140335083,
					"position": [-127.05030822753906,
						215.350341796875,
						101.46623992919922
					],
					"height": 269.8387451171875,
					"weightHard": false,
					"weightScale": [
						1,
						1,
						1
					],
					"mirrored": false,
					"twinId": 14,
					"flooded": false,
					"pathable": false,
					"mergeable": false,
					"no_features": false
				},
				{
					"spec": "/pa/terrain/metal/brushes/metal_structure_09.json",
					"weight": [
						0,
						0,
						0,
						0
					],
					"proj": "BP_Bend",
					"op": "BO_Add",
					"transform": [-0.875126838684082,
						0.11164546012878418, -0.4708378314971924, -127.05029296875, -0.47644251585006714, -0.3688983917236328,
						0.7980703711509705,
						215.35031127929688,
						0.08459040522575378, -0.9227399826049805, -0.37602555751800537, -101.46626281738281
					],
					"scale": [
						1,
						1,
						1
					],
					"rotation": -2.699998140335083,
					"position": [-127.05030822753906,
						215.350341796875,
						101.46623992919922
					],
					"height": 269.8387451171875,
					"weightHard": false,
					"weightScale": [
						1,
						1,
						1
					],
					"mirrored": true,
					"twinId": 14,
					"flooded": false,
					"pathable": false,
					"mergeable": false,
					"no_features": false
				},
				{
					"spec": "/pa/terrain/metal/brushes/metal_t2_small_2_ramp.json",
					"weight": [
						0,
						0,
						0,
						0
					],
					"proj": "BP_Bend",
					"op": "BO_Add",
					"transform": [
						0.2234097123146057,
						0.4825700521469116, -0.6625924706459045, -176.9070281982422,
						0.4825700521469116,
						0.2314174622297287,
						0.6571177244186401,
						175.4453125,
						0.4704408347606659, -0.46655377745628357, -0.35939860343933105, -95.95662689208984
					],
					"scale": [
						0.7100002765655518,
						0.7100002765655518,
						1
					],
					"rotation": 0,
					"position": [-176.90704345703125,
						175.44534301757812, -95.95663452148438
					],
					"height": 266.9922180175781,
					"weightHard": false,
					"weightScale": [
						1,
						1,
						1
					],
					"mirrored": false,
					"twinId": 15,
					"flooded": false,
					"pathable": true,
					"mergeable": false,
					"no_features": true
				},
				{
					"spec": "/pa/terrain/metal/brushes/metal_t2_small_2_ramp.json",
					"weight": [
						0,
						0,
						0,
						0
					],
					"proj": "BP_Bend",
					"op": "BO_Add",
					"transform": [
						0.2234097123146057,
						0.4825700521469116, -0.6625924706459045, -176.9070281982422,
						0.4825700521469116,
						0.2314174622297287,
						0.6571177244186401,
						175.4453125, -0.4704408347606659,
						0.46655377745628357,
						0.35939860343933105,
						95.95662689208984
					],
					"scale": [
						0.7100002765655518,
						0.7100002765655518,
						1
					],
					"rotation": 0,
					"position": [-176.90704345703125,
						175.44534301757812, -95.95663452148438
					],
					"height": 266.9922180175781,
					"weightHard": false,
					"weightScale": [
						1,
						1,
						1
					],
					"mirrored": true,
					"twinId": 15,
					"flooded": false,
					"pathable": true,
					"mergeable": false,
					"no_features": true
				},
				{
					"spec": "/pa/terrain/lava/brushes/lava_crack_04.json",
					"weight": [
						0,
						0,
						0,
						0
					],
					"proj": "BP_Bend",
					"op": "BO_Subtract",
					"transform": [
						0.07111743837594986,
						0.3100910186767578, -0.5087101459503174, -229.19113159179688,
						0.5718273520469666,
						0.10825233161449432,
						0.14592789113521576,
						65.74545288085938,
						0.1671999841928482, -0.5021206140518188, -0.2826998233795166, -127.3658447265625
					],
					"scale": [
						0.6000000238418579,
						0.6000000238418579,
						0.6000000238418579
					],
					"rotation": 0.9699996113777161,
					"position": [-229.19113159179688,
						65.74545288085938, -127.36578369140625
					],
					"height": 270.3203125,
					"weightHard": false,
					"weightScale": [
						1,
						1,
						1
					],
					"mirrored": false,
					"twinId": 17,
					"flooded": false,
					"pathable": false,
					"mergeable": false,
					"no_features": true
				},
				{
					"spec": "/pa/terrain/lava/brushes/lava_crack_04.json",
					"weight": [
						0,
						0,
						0,
						0
					],
					"proj": "BP_Bend",
					"op": "BO_Subtract",
					"transform": [
						0.07111743837594986,
						0.3100910186767578, -0.5087101459503174, -229.19113159179688,
						0.5718273520469666,
						0.10825233161449432,
						0.14592789113521576,
						65.74545288085938, -0.1671999841928482,
						0.5021206140518188,
						0.2826998233795166,
						127.36583709716797
					],
					"scale": [
						0.6000000238418579,
						0.6000000238418579,
						0.6000000238418579
					],
					"rotation": 0.9699996113777161,
					"position": [-229.19113159179688,
						65.74545288085938, -127.36578369140625
					],
					"height": 270.3203125,
					"weightHard": false,
					"weightScale": [
						1,
						1,
						1
					],
					"mirrored": true,
					"twinId": 17,
					"flooded": false,
					"pathable": false,
					"mergeable": false,
					"no_features": true
				},
				{
					"spec": "/pa/terrain/metal/brushes/metal_structure_06.json",
					"weight": [
						0,
						0,
						0,
						0
					],
					"proj": "BP_Bend",
					"op": "BO_Add",
					"transform": [
						0.4481605589389801,
						0.010792776942253113, -0.8938879370689392, -246.80674743652344,
						0.8935765027999878,
						0.023609697818756104,
						0.44828954339027405,
						123.77489471435547,
						0.025942713022232056, -0.9996629953384399,
						0.0009367465972900391,
						0.25864022970199585
					],
					"scale": [
						1,
						1,
						1
					],
					"rotation": 1.079999566078186,
					"position": [-242.33731079101562,
						121.533447265625,
						0.253997802734375
					],
					"height": 276.10479736328125,
					"weightHard": false,
					"weightScale": [
						1,
						1,
						1
					],
					"mirrored": false,
					"twinId": 19,
					"flooded": false,
					"pathable": false,
					"mergeable": false,
					"no_features": false
				},
				{
					"spec": "/pa/terrain/metal/brushes/metal_structure_06.json",
					"weight": [
						0,
						0,
						0,
						0
					],
					"proj": "BP_Bend",
					"op": "BO_Add",
					"transform": [
						0.4481605589389801,
						0.010792776942253113, -0.8938879370689392, -246.80674743652344,
						0.8935765027999878,
						0.023609697818756104,
						0.44828954339027405,
						123.77489471435547, -0.025942713022232056,
						0.9996629953384399, -0.0009367465972900391, -0.25864022970199585
					],
					"scale": [
						1,
						1,
						1
					],
					"rotation": 1.079999566078186,
					"position": [-242.33731079101562,
						121.533447265625,
						0.253997802734375
					],
					"height": 276.10479736328125,
					"weightHard": false,
					"weightScale": [
						1,
						1,
						1
					],
					"mirrored": true,
					"twinId": 19,
					"flooded": false,
					"pathable": false,
					"mergeable": false,
					"no_features": false
				},
				{
					"spec": "/pa/terrain/metal/brushes/metal_structure_08.json",
					"weight": [
						0,
						0,
						0,
						0
					],
					"proj": "BP_Bend",
					"op": "BO_Add",
					"transform": [
						0.567884087562561,
						0.46086376905441284, -0.6965718865394592, -188.32350158691406,
						0.46086376905441284,
						0.5295934081077576,
						0.7261098027229309,
						196.3092803955078,
						0.6965718865394592, -0.7261098027229309,
						0.08747750520706177,
						23.650205612182617
					],
					"scale": [
						1.0099999904632568,
						1.0099999904632568,
						1.0099999904632568
					],
					"rotation": 0,
					"position": [-184.18540954589844,
						191.99574279785156,
						23.13052749633789
					],
					"height": 273.0611572265625,
					"weightHard": false,
					"weightScale": [
						1,
						1,
						1
					],
					"mirrored": false,
					"twinId": 20,
					"flooded": false,
					"pathable": false,
					"mergeable": false,
					"no_features": false
				},
				{
					"spec": "/pa/terrain/metal/brushes/metal_structure_08.json",
					"weight": [
						0,
						0,
						0,
						0
					],
					"proj": "BP_Bend",
					"op": "BO_Add",
					"transform": [
						0.567884087562561,
						0.46086376905441284, -0.6965718865394592, -188.32350158691406,
						0.46086376905441284,
						0.5295934081077576,
						0.7261098027229309,
						196.30929565429688, -0.6965718865394592,
						0.7261098027229309, -0.08747750520706177, -23.65020751953125
					],
					"scale": [
						1.0099999904632568,
						1.0099999904632568,
						1.0099999904632568
					],
					"rotation": 0,
					"position": [-184.18540954589844,
						191.99574279785156,
						23.13052749633789
					],
					"height": 273.0611572265625,
					"weightHard": false,
					"weightScale": [
						1,
						1,
						1
					],
					"mirrored": true,
					"twinId": 20,
					"flooded": false,
					"pathable": false,
					"mergeable": false,
					"no_features": false
				},
				{
					"spec": "/pa/terrain/metal/brushes/metal_structure_09.json",
					"weight": [
						0,
						0,
						0,
						0
					],
					"proj": "BP_Bend",
					"op": "BO_Add",
					"transform": [
						0.784134030342102,
						0.6170287728309631, -0.06640233844518661, -17.877017974853516,
						0.6170287728309631, -0.7637079954147339,
						0.18980368971824646,
						51.099464416503906,
						0.06640233844518661, -0.18980368971824646, -0.9795739650726318, -263.72357177734375
					],
					"scale": [
						1,
						1,
						1
					],
					"rotation": 0,
					"position": [-17.877025604248047,
						51.0994873046875, -263.72357177734375
					],
					"height": 269.22271728515625,
					"weightHard": false,
					"weightScale": [
						1,
						1,
						1
					],
					"mirrored": false,
					"twinId": 21,
					"flooded": false,
					"pathable": false,
					"mergeable": false,
					"no_features": false
				},
				{
					"spec": "/pa/terrain/metal/brushes/metal_structure_09.json",
					"weight": [
						0,
						0,
						0,
						0
					],
					"proj": "BP_Bend",
					"op": "BO_Add",
					"transform": [
						0.784134030342102,
						0.6170287728309631, -0.06640233844518661, -17.877017974853516,
						0.6170287728309631, -0.7637079954147339,
						0.18980368971824646,
						51.099464416503906, -0.06640233844518661,
						0.18980368971824646,
						0.9795739650726318,
						263.72357177734375
					],
					"scale": [
						1,
						1,
						1
					],
					"rotation": 0,
					"position": [-17.877025604248047,
						51.0994873046875, -263.72357177734375
					],
					"height": 269.22271728515625,
					"weightHard": false,
					"weightScale": [
						1,
						1,
						1
					],
					"mirrored": true,
					"twinId": 21,
					"flooded": false,
					"pathable": false,
					"mergeable": false,
					"no_features": false
				},
				{
					"spec": "/pa/terrain/generic/brushes/unit_cannon_wreckage.json",
					"weight": [
						0,
						0,
						0,
						0
					],
					"proj": "BP_Bend",
					"op": "BO_Add",
					"transform": [
						1.3511300086975098, -0.0471595898270607, -0.1477254331111908, -29.375673294067383,
						0.15472158789634705,
						0.32313022017478943,
						1.3119630813598633,
						260.8880615234375, -0.01039491593837738, -1.3202128410339355,
						0.32638800144195557,
						64.9032974243164
					],
					"scale": [
						1.359999656677246,
						1.359999656677246,
						1.359999656677246
					],
					"rotation": 0.11999998986721039,
					"position": [-29.375673294067383,
						260.8880615234375,
						64.90331268310547
					],
					"height": 270.4402770996094,
					"weightHard": false,
					"weightScale": [
						1,
						1,
						1
					],
					"mirrored": false,
					"twinId": 22,
					"flooded": false,
					"pathable": false,
					"mergeable": false,
					"no_features": false
				},
				{
					"spec": "/pa/terrain/generic/brushes/unit_cannon_wreckage.json",
					"weight": [
						0,
						0,
						0,
						0
					],
					"proj": "BP_Bend",
					"op": "BO_Add",
					"transform": [
						1.3511300086975098, -0.0471595898270607, -0.1477254331111908, -29.375673294067383,
						0.15472158789634705,
						0.32313022017478943,
						1.3119630813598633,
						260.8880615234375,
						0.01039491593837738,
						1.3202128410339355, -0.32638800144195557, -64.9032974243164
					],
					"scale": [
						1.359999656677246,
						1.359999656677246,
						1.359999656677246
					],
					"rotation": 0.11999998986721039,
					"position": [-29.375673294067383,
						260.8880615234375,
						64.90331268310547
					],
					"height": 270.4402770996094,
					"weightHard": false,
					"weightScale": [
						1,
						1,
						1
					],
					"mirrored": true,
					"twinId": 22,
					"flooded": false,
					"pathable": false,
					"mergeable": false,
					"no_features": false
				},
				{
					"spec": "/pa/terrain/metal/brushes/metal_structure_11.json",
					"weight": [
						0,
						0,
						0,
						0
					],
					"proj": "BP_Bend",
					"op": "BO_Add",
					"transform": [
						0.910872220993042,
						0.10863612592220306, -0.39813312888145447, -109.44034576416016,
						0.3707225024700165,
						0.2084694504737854,
						0.905044436454773,
						248.78204345703125,
						0.18131910264492035, -0.9719767570495605,
						0.14961516857147217,
						41.12678527832031
					],
					"scale": [
						1,
						1,
						1
					],
					"rotation": 0.22999995946884155,
					"position": [-107.05152893066406,
						243.35174560546875,
						40.229095458984375
					],
					"height": 274.8837890625,
					"weightHard": false,
					"weightScale": [
						1,
						1,
						1
					],
					"mirrored": false,
					"twinId": 23,
					"flooded": false,
					"pathable": false,
					"mergeable": false,
					"no_features": false
				},
				{
					"spec": "/pa/terrain/metal/brushes/metal_structure_11.json",
					"weight": [
						0,
						0,
						0,
						0
					],
					"proj": "BP_Bend",
					"op": "BO_Add",
					"transform": [
						0.910872220993042,
						0.10863612592220306, -0.39813312888145447, -109.44034576416016,
						0.3707225024700165,
						0.2084694504737854,
						0.905044436454773,
						248.78204345703125, -0.18131910264492035,
						0.9719767570495605, -0.14961516857147217, -41.12678527832031
					],
					"scale": [
						1,
						1,
						1
					],
					"rotation": 0.22999995946884155,
					"position": [-107.05152893066406,
						243.35174560546875,
						40.229095458984375
					],
					"height": 274.8837890625,
					"weightHard": false,
					"weightScale": [
						1,
						1,
						1
					],
					"mirrored": true,
					"twinId": 23,
					"flooded": false,
					"pathable": false,
					"mergeable": false,
					"no_features": false
				},
				{
					"spec": "/pa/terrain/metal/brushes/metal_structure_10.json",
					"weight": [
						0,
						0,
						0,
						0
					],
					"proj": "BP_Bend",
					"op": "BO_Add",
					"transform": [
						0.9542595744132996, -0.18053914606571198,
						0.23831558227539062,
						67.0453872680664, -0.18053914606571198,
						0.2874056100845337,
						0.9406400322914124,
						264.6304931640625, -0.23831558227539062, -0.9406400322914124,
						0.24166518449783325,
						67.98773193359375
					],
					"scale": [
						1,
						1,
						1
					],
					"rotation": 0,
					"position": [
						67.04537963867188,
						264.6304931640625,
						67.98770141601562
					],
					"height": 281.33026123046875,
					"weightHard": false,
					"weightScale": [
						1,
						1,
						1
					],
					"mirrored": false,
					"twinId": 24,
					"flooded": false,
					"pathable": false,
					"mergeable": false,
					"no_features": false
				},
				{
					"spec": "/pa/terrain/metal/brushes/metal_structure_10.json",
					"weight": [
						0,
						0,
						0,
						0
					],
					"proj": "BP_Bend",
					"op": "BO_Add",
					"transform": [
						0.9542595744132996, -0.18053914606571198,
						0.23831558227539062,
						67.0453872680664, -0.18053914606571198,
						0.2874056100845337,
						0.9406400322914124,
						264.6304931640625,
						0.23831558227539062,
						0.9406400322914124, -0.24166518449783325, -67.98773193359375
					],
					"scale": [
						1,
						1,
						1
					],
					"rotation": 0,
					"position": [
						67.04537963867188,
						264.6304931640625,
						67.98770141601562
					],
					"height": 281.33026123046875,
					"weightHard": false,
					"weightScale": [
						1,
						1,
						1
					],
					"mirrored": true,
					"twinId": 24,
					"flooded": false,
					"pathable": false,
					"mergeable": false,
					"no_features": false
				},
				{
					"spec": "/pa/terrain/metal/brushes/metal_structure_04.json",
					"weight": [
						0,
						0,
						0,
						0
					],
					"proj": "BP_Bend",
					"op": "BO_Add",
					"transform": [
						0.9841924905776978, -0.11685740202665329,
						0.13307695090770721,
						36.55665588378906, -0.11685740202665329,
						0.13612842559814453,
						0.9837750196456909,
						270.2460632324219, -0.13307695090770721, -0.9837750196456909,
						0.12032091617584229,
						33.05253219604492
					],
					"scale": [
						1,
						1,
						1
					],
					"rotation": 0,
					"position": [
						36.55665588378906,
						270.24609375,
						33.05254364013672
					],
					"height": 274.703125,
					"weightHard": false,
					"weightScale": [
						1,
						1,
						1
					],
					"mirrored": false,
					"twinId": 25,
					"flooded": false,
					"pathable": false,
					"mergeable": false,
					"no_features": false
				},
				{
					"spec": "/pa/terrain/metal/brushes/metal_structure_04.json",
					"weight": [
						0,
						0,
						0,
						0
					],
					"proj": "BP_Bend",
					"op": "BO_Add",
					"transform": [
						0.9841924905776978, -0.11685740202665329,
						0.13307695090770721,
						36.55665588378906, -0.11685740202665329,
						0.13612842559814453,
						0.9837750196456909,
						270.2460632324219,
						0.13307695090770721,
						0.9837750196456909, -0.12032091617584229, -33.05253219604492
					],
					"scale": [
						1,
						1,
						1
					],
					"rotation": 0,
					"position": [
						36.55665588378906,
						270.24609375,
						33.05254364013672
					],
					"height": 274.703125,
					"weightHard": false,
					"weightScale": [
						1,
						1,
						1
					],
					"mirrored": true,
					"twinId": 25,
					"flooded": false,
					"pathable": false,
					"mergeable": false,
					"no_features": false
				},
				{
					"spec": "/pa/terrain/metal/brushes/metal_structure_04.json",
					"weight": [
						0,
						0,
						0,
						0
					],
					"proj": "BP_Bend",
					"op": "BO_Add",
					"transform": [
						0.9844520092010498, -0.12116975337266922,
						0.12716948986053467,
						34.679847717285156, -0.12116975337266922,
						0.055689215660095215,
						0.991068422794342,
						270.27001953125, -0.12716948986053467, -0.991068422794342,
						0.04014122486114502,
						10.946742057800293
					],
					"scale": [
						1,
						1,
						1
					],
					"rotation": 0,
					"position": [
						34.67984390258789,
						270.27001953125,
						10.946733474731445
					],
					"height": 272.7057189941406,
					"weightHard": false,
					"weightScale": [
						1,
						1,
						1
					],
					"mirrored": false,
					"twinId": 26,
					"flooded": false,
					"pathable": false,
					"mergeable": false,
					"no_features": false
				},
				{
					"spec": "/pa/terrain/metal/brushes/metal_structure_04.json",
					"weight": [
						0,
						0,
						0,
						0
					],
					"proj": "BP_Bend",
					"op": "BO_Add",
					"transform": [
						0.9844520092010498, -0.12116975337266922,
						0.12716948986053467,
						34.679847717285156, -0.12116975337266922,
						0.055689215660095215,
						0.991068422794342,
						270.27001953125,
						0.12716948986053467,
						0.991068422794342, -0.04014122486114502, -10.946742057800293
					],
					"scale": [
						1,
						1,
						1
					],
					"rotation": 0,
					"position": [
						34.67984390258789,
						270.27001953125,
						10.946733474731445
					],
					"height": 272.7057189941406,
					"weightHard": false,
					"weightScale": [
						1,
						1,
						1
					],
					"mirrored": true,
					"twinId": 26,
					"flooded": false,
					"pathable": false,
					"mergeable": false,
					"no_features": false
				},
				{
					"spec": "/pa/terrain/metal/brushes/metal_structure_05.json",
					"weight": [
						0,
						0,
						0,
						0
					],
					"proj": "BP_Bend",
					"op": "BO_Add",
					"transform": [
						0.9141826629638672,
						0.07288980484008789,
						0.39869430661201477,
						111.90443420410156, -0.3929789662361145, -0.08132006973028183,
						0.9159445762634277,
						257.0848388671875,
						0.09918487071990967, -0.9940191507339478, -0.04569721221923828, -12.82616901397705
					],
					"scale": [
						1,
						1,
						1
					],
					"rotation": -0.5099998116493225,
					"position": [
						111.90443420410156,
						257.0848388671875, -12.826227188110352
					],
					"height": 280.6772766113281,
					"weightHard": false,
					"weightScale": [
						1,
						1,
						1
					],
					"mirrored": false,
					"twinId": 27,
					"flooded": false,
					"pathable": false,
					"mergeable": false,
					"no_features": false
				},
				{
					"spec": "/pa/terrain/metal/brushes/metal_structure_05.json",
					"weight": [
						0,
						0,
						0,
						0
					],
					"proj": "BP_Bend",
					"op": "BO_Add",
					"transform": [
						0.9141826629638672,
						0.07288980484008789,
						0.39869430661201477,
						111.90443420410156, -0.3929789662361145, -0.08132006973028183,
						0.9159445762634277,
						257.0848388671875, -0.09918487071990967,
						0.9940191507339478,
						0.04569721221923828,
						12.82616901397705
					],
					"scale": [
						1,
						1,
						1
					],
					"rotation": -0.5099998116493225,
					"position": [
						111.90443420410156,
						257.0848388671875, -12.826227188110352
					],
					"height": 280.6772766113281,
					"weightHard": false,
					"weightScale": [
						1,
						1,
						1
					],
					"mirrored": true,
					"twinId": 27,
					"flooded": false,
					"pathable": false,
					"mergeable": false,
					"no_features": false
				},
				{
					"spec": "/pa/terrain/metal/brushes/metal_structure_09.json",
					"weight": [
						0,
						0,
						0,
						0
					],
					"proj": "BP_Bend",
					"op": "BO_Add",
					"transform": [
