{
	"name": "Frontline",
	"creator": "NikolaMX",
	"version": "1.00",
	"date": "21.05.2017",
	"description": "My personal favourite! Battle over a medium sized planet split in 4: large open battlefield with both raidable and linear sections to the front, and a narrow lake with lots of metal and sneaky expansions to the back 1v1 or 2v2",
	"planets": [{
			"name": "Udar Kol",
			"mass": 10000,
			"position_x": 8600,
			"position_y": -10900,
			"velocity_x": 148.98133850097656,
			"velocity_y": 117.54490661621094,
			"required_thrust_to_move": 0,
			"starting_planet": true,
			"respawn": false,
			"start_destroyed": false,
			"min_spawn_delay": 0,
			"max_spawn_delay": 0,
			"planet": {
				"seed": 561551104,
				"radius": 560,
				"heightRange": 31,
				"waterHeight": 42,
				"waterDepth": 84,
				"temperature": 62,
				"metalDensity": 50,
				"metalClusters": 50,
				"metalSpotLimit": -1,
				"biomeScale": 50,
				"biome": "sandbox",
				"symmetryType": "terrain and CSG",
				"symmetricalMetal": true,
				"symmetricalStarts": true,
				"numArmies": 2,
				"landingZonesPerArmy": 0,
				"landingZoneSize": 156
			},
			"planetCSG": [{
					"weight": [
						0,
						0,
						0,
						0
					],
					"spec": "/pa/terrain/metal/brushes/metal_structure_10.json",
					"proj": "BP_Bend",
					"transform": [-0.04674212634563446, -0.935340940952301,
						0.3506460189819336,
						195.22674560546875, -0.9341557025909424,
						0.16525760293006897,
						0.316295862197876,
						176.1018524169922, -0.35379141569137573, -0.3127736449241638, -0.8814785480499268, -490.7746887207031
					],
					"op": "BO_Add",
					"rotation": 0.009999999776482582,
					"scale": [
						1,
						1,
						1
					],
					"height": 556.7630615234375,
					"position": [
						195.22671508789062,
						176.10183715820312, -490.774658203125
					],
					"weightHard": false,
					"weightScale": [
						1,
						1,
						1
					],
					"mirrored": false,
					"twinId": 0,
					"flooded": false,
					"pathable": false,
					"mergeable": false,
					"no_features": false
				}, {
					"weight": [
						0,
						0,
						0,
						0
					],
					"spec": "/pa/terrain/metal/brushes/metal_structure_10.json",
					"proj": "BP_Bend",
					"transform": [-0.04674212634563446, -0.935340940952301,
						0.3506460189819336,
						195.22674560546875, -0.9341557025909424,
						0.16525760293006897,
						0.316295862197876,
						176.1018524169922,
						0.35379141569137573,
						0.3127736449241638,
						0.8814785480499268,
						490.7746887207031
					],
					"op": "BO_Add",
					"rotation": 0.009999999776482582,
					"scale": [
						1,
						1,
						1
					],
					"height": 556.7630615234375,
					"position": [
						195.22671508789062,
						176.10183715820312, -490.774658203125
					],
					"weightHard": false,
					"weightScale": [
						1,
						1,
						1
					],
					"mirrored": true,
					"twinId": 0,
					"flooded": false,
					"pathable": false,
					"mergeable": false,
					"no_features": false
				}, {
					"weight": [
						0,
						0,
						0,
						0
					],
					"spec": "/pa/terrain/metal/brushes/metal_structure_03.json",
					"proj": "BP_Bend",
					"transform": [-0.8891048431396484,
						0.06691877543926239,
						0.4527856111526489,
						253.43362426757812,
						0.22141410410404205,
						0.928685188293457,
						0.2975228726863861,
						166.52980041503906, -0.400585412979126,
						0.3647821247577667, -0.84051513671875, -470.4539794921875
					],
					"op": "BO_Add",
					"rotation": 1.31999933719635,
					"scale": [
						1,
						1,
						1
					],
					"height": 559.7210083007812,
					"position": [
						253.4335174560547,
						166.52972412109375, -470.45391845703125
					],
					"weightHard": false,
					"weightScale": [
						1,
						1,
						1
					],
					"mirrored": false,
					"twinId": 0,
					"flooded": false,
					"pathable": false,
					"mergeable": false,
					"no_features": false
				}, {
					"weight": [
						0,
						0,
						0,
						0
					],
					"spec": "/pa/terrain/metal/brushes/metal_structure_03.json",
					"proj": "BP_Bend",
					"transform": [-0.8891048431396484,
						0.06691877543926239,
						0.4527856111526489,
						253.43362426757812,
						0.22141410410404205,
						0.928685188293457,
						0.2975228726863861,
						166.52978515625,
						0.400585412979126, -0.3647821247577667,
						0.84051513671875,
						470.4539794921875
					],
					"op": "BO_Add",
					"rotation": 1.31999933719635,
					"scale": [
						1,
						1,
						1
					],
					"height": 559.7210083007812,
					"position": [
						253.4335174560547,
						166.52972412109375, -470.45391845703125
					],
					"weightHard": false,
					"weightScale": [
						1,
						1,
						1
					],
					"mirrored": true,
					"twinId": 0,
					"flooded": false,
					"pathable": false,
					"mergeable": false,
					"no_features": false
				}, {
					"weight": [
						0,
						0,
						0,
						0
					],
					"spec": "/pa/terrain/metal/brushes/metal_structure_11.json",
					"proj": "BP_Bend",
					"transform": [-0.8684350252151489,
						0.09350886940956116,
						0.48690521717071533,
						274.32513427734375,
						0.2279960811138153,
						0.9473774433135986,
						0.22470830380916595,
						126.6019287109375, -0.4402707815170288,
						0.30615705251693726, -0.8440554141998291, -475.54559326171875
					],
					"op": "BO_Add",
					"rotation": 1.0399996042251587,
					"scale": [
						1,
						1,
						1
					],
					"height": 563.4056396484375,
					"position": [
						274.3251953125,
						126.60194396972656, -475.5455322265625
					],
					"weightHard": false,
					"weightScale": [
						1,
						1,
						1
					],
					"mirrored": false,
					"twinId": 0,
					"flooded": false,
					"pathable": false,
					"mergeable": false,
					"no_features": false
				}, {
					"weight": [
						0,
						0,
						0,
						0
					],
					"spec": "/pa/terrain/metal/brushes/metal_structure_11.json",
					"proj": "BP_Bend",
					"transform": [-0.8684350252151489,
						0.09350886940956116,
						0.48690521717071533,
						274.32513427734375,
						0.2279960811138153,
						0.9473774433135986,
						0.22470830380916595,
						126.60193634033203,
						0.4402707815170288, -0.30615705251693726,
						0.8440554141998291,
						475.5456237792969
					],
					"op": "BO_Add",
					"rotation": 1.0399996042251587,
					"scale": [
						1,
						1,
						1
					],
					"height": 563.4056396484375,
					"position": [
						274.3251953125,
						126.60194396972656, -475.5455322265625
					],
					"weightHard": false,
					"weightScale": [
						1,
						1,
						1
					],
					"mirrored": true,
					"twinId": 0,
					"flooded": false,
					"pathable": false,
					"mergeable": false,
					"no_features": false
				}, {
					"weight": [
						0,
						0,
						0,
						0
					],
					"spec": "/pa/terrain/metal/brushes/metal_structure_08.json",
					"proj": "BP_Bend",
					"transform": [-0.03863532468676567, -0.8886932730674744,
						0.45687204599380493,
						254.0964813232422, -0.9001566767692566,
						0.22946278750896454,
						0.3702230453491211,
						205.90528869628906, -0.43384987115859985, -0.39695271849632263, -0.808828592300415, -449.84259033203125
					],
					"op": "BO_Add",
					"rotation": -0.059999994933605194,
					"scale": [
						1,
						1,
						1
					],
					"height": 556.16552734375,
					"position": [
						254.09646606445312,
						205.90528869628906, -449.84228515625
					],
					"weightHard": false,
					"weightScale": [
						1,
						1,
						1
					],
					"mirrored": false,
					"twinId": 0,
					"flooded": false,
					"pathable": false,
					"mergeable": false,
					"no_features": false
				}, {
					"weight": [
						0,
						0,
						0,
						0
					],
					"spec": "/pa/terrain/metal/brushes/metal_structure_08.json",
					"proj": "BP_Bend",
					"transform": [-0.03863532468676567, -0.8886932730674744,
						0.45687204599380493,
						254.0964813232422, -0.9001566767692566,
						0.22946278750896454,
						0.3702230453491211,
						205.90528869628906,
						0.43384987115859985,
						0.39695271849632263,
						0.808828592300415,
						449.8426208496094
					],
					"op": "BO_Add",
					"rotation": -0.059999994933605194,
					"scale": [
						1,
						1,
						1
					],
					"height": 556.16552734375,
					"position": [
						254.09646606445312,
						205.90528869628906, -449.84228515625
					],
					"weightHard": false,
					"weightScale": [
						1,
						1,
						1
					],
					"mirrored": true,
					"twinId": 0,
					"flooded": false,
					"pathable": false,
					"mergeable": false,
					"no_features": false
				}, {
					"weight": [
						0,
						0,
						0,
						0
					],
					"spec": "/pa/terrain/metal/brushes/metal_t1_pit_2_ramp.json",
					"proj": "BP_Bend",
					"transform": [
						0.8794454336166382, -0.5408354997634888, -0.12518976628780365, -65.65774536132812,
						0.5422645807266235,
						0.8871366381645203, -0.02318807691335678, -12.161352157592773,
						0.11884746700525284, -0.0456666573882103,
						1.032177209854126,
						541.341552734375
					],
					"op": "BO_Subtract",
					"rotation": 0.5499997735023499,
					"scale": [
						1.0399999618530273,
						1.0399999618530273,
						1.0399999618530273
					],
					"height": 545.4443359375,
					"position": [-66.62074279785156, -12.3397216796875,
						549.2813720703125
					],
					"weightHard": false,
					"weightScale": [
						1,
						1,
						1
					],
					"mirrored": false,
					"twinId": 0,
					"flooded": true,
					"pathable": true,
					"mergeable": false,
					"no_features": true
				}, {
					"weight": [
						0,
						0,
						0,
						0
					],
					"spec": "/pa/terrain/metal/brushes/metal_t1_pit_2_ramp.json",
					"proj": "BP_Bend",
					"transform": [
						0.8794454336166382, -0.5408354997634888, -0.12518976628780365, -65.65774536132812,
						0.5422645807266235,
						0.8871366381645203, -0.02318807691335678, -12.161352157592773, -0.11884746700525284,
						0.0456666573882103, -1.032177209854126, -541.341552734375
					],
					"op": "BO_Subtract",
					"rotation": 0.5499997735023499,
					"scale": [
						1.0399999618530273,
						1.0399999618530273,
						1.0399999618530273
					],
					"height": 545.4443359375,
					"position": [-66.62074279785156, -12.3397216796875,
						549.2813720703125
					],
					"weightHard": false,
					"weightScale": [
						1,
						1,
						1
					],
					"mirrored": true,
					"twinId": 0,
					"flooded": true,
					"pathable": true,
					"mergeable": false,
					"no_features": true
				}, {
					"weight": [
						0,
						0,
						0,
						0
					],
					"spec": "/pa/terrain/metal/brushes/metal_structure_10.json",
					"proj": "BP_Bend",
					"transform": [
						1.690638542175293, -0.44782567024230957, -0.06074942648410797, -19.55927085876465,
						0.3995009958744049,
						1.3709754943847656,
						1.0115940570831299,
						325.6992492675781, -0.21127541363239288, -0.9911486506462097,
						1.4267040491104126,
						459.3506774902344
					],
					"op": "BO_Add",
					"rotation": 0.27000001072883606,
					"scale": [
						1.7499992847442627,
						1.7499992847442627,
						1.7499992847442627
					],
					"height": 563.4408569335938,
					"position": [-19.246841430664062,
						320.4967041015625,
						452.01336669921875
					],
					"weightHard": false,
					"weightScale": [
						1,
						1,
						1
					],
					"mirrored": false,
					"twinId": 0,
					"flooded": false,
					"pathable": false,
					"mergeable": false,
					"no_features": false
				}, {
					"weight": [
						0,
						0,
						0,
						0
					],
					"spec": "/pa/terrain/metal/brushes/metal_structure_10.json",
					"proj": "BP_Bend",
					"transform": [
						1.690638542175293, -0.44782567024230957, -0.06074942648410797, -19.55927085876465,
						0.3995009958744049,
						1.3709754943847656,
						1.0115940570831299,
						325.6992492675781,
						0.21127541363239288,
						0.9911486506462097, -1.4267040491104126, -459.3506774902344
					],
					"op": "BO_Add",
					"rotation": 0.27000001072883606,
					"scale": [
						1.7499992847442627,
						1.7499992847442627,
						1.7499992847442627
					],
					"height": 563.4408569335938,
					"position": [-19.246841430664062,
						320.4967041015625,
						452.01336669921875
					],
					"weightHard": false,
					"weightScale": [
						1,
						1,
						1
					],
					"mirrored": true,
					"twinId": 0,
					"flooded": false,
					"pathable": false,
					"mergeable": false,
					"no_features": false
				}, {
					"weight": [
						0,
						0,
						0,
						0
					],
					"spec": "/pa/terrain/metal/brushes/metal_structure_06.json",
					"proj": "BP_Bend",
					"transform": [-0.15676991641521454, -0.2690242826938629,
						0.1365627646446228,
						223.57720947265625,
						0.2862697243690491, -0.08405178785324097,
						0.16304966807365417,
						266.94091796875, -0.09525275975465775,
						0.19016176462173462,
						0.2652653157711029,
						434.2858581542969
					],
					"op": "BO_Add",
					"rotation": 1.9799987077713013,
					"scale": [
						0.3400003910064697,
						0.3400003910064697,
						0.3400003910064697
					],
					"height": 556.6403198242188,
					"position": [
						222.37225341796875,
						265.50225830078125,
						431.9452819824219
					],
					"weightHard": false,
					"weightScale": [
						1,
						1,
						1
					],
					"mirrored": false,
					"twinId": 0,
					"flooded": false,
					"pathable": false,
					"mergeable": false,
					"no_features": false
				}, {
					"weight": [
						0,
						0,
						0,
						0
					],
					"spec": "/pa/terrain/metal/brushes/metal_structure_06.json",
					"proj": "BP_Bend",
					"transform": [-0.15676991641521454, -0.2690242826938629,
						0.1365627646446228,
						222.37225341796875,
						0.2862697243690491, -0.08405178785324097,
						0.16304966807365417,
						265.50225830078125,
						0.09525275975465775, -0.19016176462173462, -0.2652653157711029, -431.94525146484375
					],
					"op": "BO_Add",
					"rotation": 1.9799987077713013,
					"scale": [
						0.3400003910064697,
						0.3400003910064697,
						0.3400003910064697
					],
					"height": 553.6403198242188,
					"position": [
						222.37225341796875,
						265.50225830078125,
						431.9452819824219
					],
					"weightHard": false,
					"weightScale": [
						1,
						1,
						1
					],
					"mirrored": true,
					"twinId": 0,
					"flooded": false,
					"pathable": false,
					"mergeable": false,
					"no_features": false
				}, {
					"weight": [
						0,
						0,
						0,
						0
					],
					"spec": "/pa/terrain/metal/brushes/metal_structure_06.json",
					"proj": "BP_Bend",
					"transform": [
						0.30070972442626953,
						0.12249375879764557,
						0.10084246098995209,
						164.7888946533203, -0.15860620141029358,
						0.22629843652248383,
						0.1980740875005722,
						323.6772766113281,
						0.004242204129695892, -0.2222263514995575,
						0.25728917121887207,
						420.4419250488281
					],
					"op": "BO_Add",
					"rotation": -0.49000006914138794,
					"scale": [
						0.3400003910064697,
						0.3400003910064697,
						0.3400003910064697
					],
					"height": 555.6021728515625,
					"position": [
						164.19570922851562,
						322.51214599609375,
						418.9284362792969
					],
					"weightHard": false,
					"weightScale": [
						1,
						1,
						1
					],
					"mirrored": false,
					"twinId": 0,
					"flooded": false,
					"pathable": false,
					"mergeable": false,
					"no_features": false
				}, {
					"weight": [
						0,
						0,
						0,
						0
					],
					"spec": "/pa/terrain/metal/brushes/metal_structure_06.json",
					"proj": "BP_Bend",
					"transform": [
						0.30070972442626953,
						0.12249375879764557,
						0.10084246098995209,
						164.19570922851562, -0.15860620141029358,
						0.22629843652248383,
						0.1980740875005722,
						322.5120849609375, -0.004242204129695892,
						0.2222263514995575, -0.25728917121887207, -418.9284362792969
					],
					"op": "BO_Add",
					"rotation": -0.49000006914138794,
					"scale": [
						0.3400003910064697,
						0.3400003910064697,
						0.3400003910064697
					],
					"height": 553.6021728515625,
					"position": [
						164.19570922851562,
						322.51214599609375,
						418.9284362792969
					],
					"weightHard": false,
					"weightScale": [
						1,
						1,
						1
					],
					"mirrored": true,
					"twinId": 0,
					"flooded": false,
					"pathable": false,
					"mergeable": false,
					"no_features": false
				}, {
					"weight": [
						0,
						0,
						0,
						0
					],
					"spec": "/pa/terrain/metal/brushes/metal_structure_06.json",
					"proj": "BP_Bend",
					"transform": [-0.1238909661769867, -0.2903873324394226,
						0.1262001246213913,
						206.23208618164062,
						0.24335086345672607, -0.0006314218044281006,
						0.2374451905488968,
						388.0251159667969, -0.20256270468235016,
						0.17684751749038696,
						0.20807106792926788,
						340.02288818359375
					],
					"op": "BO_Add",
					"rotation": 1.7999988794326782,
					"scale": [
						0.3400003910064697,
						0.3400003910064697,
						0.3400003910064697
					],
					"height": 555.617431640625,
					"position": [
						205.48974609375,
						386.62841796875,
						338.7989501953125
					],
					"weightHard": false,
					"weightScale": [
						1,
						1,
						1
					],
					"mirrored": false,
					"twinId": 0,
					"flooded": false,
					"pathable": false,
					"mergeable": false,
					"no_features": false
				}, {
					"weight": [
						0,
						0,
						0,
						0
					],
					"spec": "/pa/terrain/metal/brushes/metal_structure_06.json",
					"proj": "BP_Bend",
					"transform": [-0.1238909661769867, -0.2903873324394226,
						0.1262001246213913,
						205.48973083496094,
						0.24335086345672607, -0.0006314218044281006,
						0.2374451905488968,
						386.62841796875,
						0.20256270468235016, -0.17684751749038696, -0.20807106792926788, -338.7989501953125
					],
					"op": "BO_Add",
					"rotation": 1.7999988794326782,
					"scale": [
						0.3400003910064697,
						0.3400003910064697,
						0.3400003910064697
					],
					"height": 553.617431640625,
					"position": [
						205.48974609375,
						386.62841796875,
						338.7989501953125
					],
					"weightHard": false,
					"weightScale": [
						1,
						1,
						1
					],
					"mirrored": true,
					"twinId": 0,
					"flooded": false,
					"pathable": false,
					"mergeable": false,
					"no_features": false
				}, {
					"weight": [
						0,
						0,
						0,
						0
					],
					"spec": "/pa/terrain/metal/brushes/metal_structure_06.json",
					"proj": "BP_Bend",
					"transform": [
						0.2808031141757965, -0.12350787222385406,
						0.14661405980587006,
						238.71864318847656, -0.017427243292331696,
						0.242509126663208,
						0.23766757547855377,
						386.97296142578125, -0.1909087896347046, -0.20380231738090515,
						0.19395539164543152,
						315.8003234863281
					],
					"op": "BO_Add",
					"rotation": 0.19999997317790985,
					"scale": [
						0.3400003910064697,
						0.3400003910064697,
						0.3400003910064697
					],
					"height": 553.5924072265625,
					"position": [
						238.71864318847656,
						386.9730224609375,
						315.80029296875
					],
					"weightHard": false,
					"weightScale": [
						1,
						1,
						1
					],
					"mirrored": false,
					"twinId": 0,
					"flooded": false,
					"pathable": false,
					"mergeable": false,
					"no_features": false
				}, {
					"weight": [
						0,
						0,
						0,
						0
					],
					"spec": "/pa/terrain/metal/brushes/metal_structure_06.json",
					"proj": "BP_Bend",
					"transform": [
						0.2808031141757965, -0.12350787222385406,
						0.14661405980587006,
						238.71864318847656, -0.017427243292331696,
						0.242509126663208,
						0.23766757547855377,
						386.97296142578125,
						0.1909087896347046,
						0.20380231738090515, -0.19395539164543152, -315.8003234863281
					],
					"op": "BO_Add",
					"rotation": 0.19999997317790985,
					"scale": [
						0.3400003910064697,
						0.3400003910064697,
						0.3400003910064697
					],
					"height": 553.5924072265625,
					"position": [
						238.71864318847656,
						386.9730224609375,
						315.80029296875
					],
					"weightHard": false,
					"weightScale": [
						1,
						1,
						1
					],
					"mirrored": true,
					"twinId": 0,
					"flooded": false,
					"pathable": false,
					"mergeable": false,
					"no_features": false
				}, {
					"weight": [
						0,
						0,
						0,
						0
					],
					"spec": "/pa/terrain/metal/brushes/metal_structure_06.json",
					"proj": "BP_Bend",
					"transform": [
						0.21966348588466644, -0.229470893740654,
						0.12120778858661652,
						199.14285278320312,
						0.13076762855052948,
						0.23503729701042175,
						0.20798452198505402,
						341.7159423828125, -0.22416076064109802, -0.08775445073843002,
						0.240106999874115,
						394.4927673339844
					],
					"op": "BO_Add",
					"rotation": 0.6699999570846558,
					"scale": [
						0.3400003910064697,
						0.3400003910064697,
						0.3400003910064697
					],
					"height": 558.6163330078125,
					"position": [
						197.36041259765625,
						338.6573486328125,
						390.9617919921875
					],
					"weightHard": false,
					"weightScale": [
						1,
						1,
						1
					],
					"mirrored": false,
					"twinId": 0,
					"flooded": false,
					"pathable": false,
					"mergeable": false,
					"no_features": false
				}, {
					"weight": [
						0,
						0,
						0,
						0
					],
					"spec": "/pa/terrain/metal/brushes/metal_structure_06.json",
					"proj": "BP_Bend",
					"transform": [
						0.21966348588466644, -0.229470893740654,
						0.12120778858661652,
						197.3603973388672,
						0.13076762855052948,
						0.23503729701042175,
						0.20798452198505402,
						338.6573791503906,
						0.22416076064109802,
						0.08775445073843002, -0.240106999874115, -390.9618225097656
					],
					"op": "BO_Add",
					"rotation": 0.6699999570846558,
					"scale": [
						0.3400003910064697,
						0.3400003910064697,
						0.3400003910064697
					],
					"height": 553.6163330078125,
					"position": [
						197.36041259765625,
						338.6573486328125,
						390.9617919921875
					],
					"weightHard": false,
					"weightScale": [
						1,
						1,
						1
					],
					"mirrored": true,
					"twinId": 0,
					"flooded": false,
					"pathable": false,
					"mergeable": false,
					"no_features": false
				}, {
					"weight": [
						0,
						0,
						0,
						0
					],
					"spec": "/pa/terrain/metal/brushes/metal_structure_06.json",
					"proj": "BP_Bend",
					"transform": [
						0.9991864562034607,
						0.0007731765508651733,
						0.04032079875469208,
						22.317466735839844, -0.040326714515686035,
						0.02776271104812622,
						0.9988008141517639,
						552.8338623046875, -0.0003471672534942627, -0.9996142983436584,
						0.027771294116973877,
						15.371345520019531
					],
					"op": "BO_Add",
					"rotation": -0.03999999910593033,
					"scale": [
						1,
						1,
						1
					],
					"height": 553.4976196289062,
					"position": [
						22.317466735839844,
						552.8338623046875,
						15.37139892578125
					],
					"weightHard": false,
					"weightScale": [
						1,
						1,
						1
					],
					"mirrored": false,
					"twinId": 0,
					"flooded": false,
					"pathable": false,
					"mergeable": false,
					"no_features": false
				}, {
					"weight": [
						0,
						0,
						0,
						0
					],
					"spec": "/pa/terrain/metal/brushes/metal_structure_06.json",
					"proj": "BP_Bend",
					"transform": [
						0.9991864562034607,
						0.0007731765508651733,
						0.04032079875469208,
						22.317466735839844, -0.040326714515686035,
						0.02776271104812622,
						0.9988008141517639,
						552.8338623046875,
						0.0003471672534942627,
						0.9996142983436584, -0.027771294116973877, -15.371345520019531
					],
					"op": "BO_Add",
					"rotation": -0.03999999910593033,
					"scale": [
						1,
						1,
						1
					],
					"height": 553.4976196289062,
					"position": [
						22.317466735839844,
						552.8338623046875,
						15.37139892578125
					],
					"weightHard": false,
					"weightScale": [
						1,
						1,
						1
					],
					"mirrored": true,
					"twinId": 0,
					"flooded": false,
					"pathable": false,
					"mergeable": false,
					"no_features": false
				}, {
					"weight": [
						0,
						0,
						0,
						0
					],
					"spec": "/pa/terrain/metal/brushes/metal_structure_04.json",
					"proj": "BP_Bend",
					"transform": [
						0.32981812953948975, -0.7087675333023071, -0.6235933303833008, -351.66632080078125,
						0.39848774671554565,
						0.7033457159996033, -0.588653028011322, -331.9622497558594,
						0.855819821357727, -0.05434587597846985,
						0.5144113302230835,
						290.0947265625
					],
					"op": "BO_Add",
					"rotation": 0.8199997544288635,
					"scale": [
						1,
						1,
						1
					],
					"height": 563.9353637695312,
					"position": [-351.6662902832031, -331.96221923828125,
						290.0948486328125
					],
					"weightHard": false,
					"weightScale": [
						1,
						1,
						1
					],
					"mirrored": false,
					"twinId": 0,
					"flooded": false,
					"pathable": false,
					"mergeable": false,
					"no_features": false
				}, {
					"weight": [
						0,
						0,
						0,
						0
					],
					"spec": "/pa/terrain/metal/brushes/metal_structure_04.json",
					"proj": "BP_Bend",
					"transform": [
						0.32981812953948975, -0.7087675333023071, -0.6235933303833008, -351.66632080078125,
						0.39848774671554565,
						0.7033457159996033, -0.588653028011322, -331.9622497558594, -0.855819821357727,
						0.05434587597846985, -0.5144113302230835, -290.0947265625
					],
					"op": "BO_Add",
					"rotation": 0.8199997544288635,
					"scale": [
						1,
						1,
						1
					],
					"height": 563.9353637695312,
					"position": [-351.6662902832031, -331.96221923828125,
						290.0948486328125
					],
					"weightHard": false,
					"weightScale": [
						1,
						1,
						1
					],
					"mirrored": true,
					"twinId": 0,
					"flooded": false,
					"pathable": false,
					"mergeable": false,
					"no_features": false
				}, {
					"weight": [
						0,
						0,
						0,
						0
					],
					"spec": "/pa/terrain/metal/brushes/metal_structure_11.json",
					"proj": "BP_Bend",
					"transform": [
						0.45772284269332886, -0.6345639824867249, -0.6227506399154663, -350.6958312988281,
						0.40161120891571045,
						0.7724680304527283, -0.491936594247818, -277.0292053222656,
						0.7932202816009521, -0.024933040142059326,
						0.6084243059158325,
						342.62811279296875
					],
					"op": "BO_Add",
					"rotation": 0.6999998688697815,
					"scale": [
						1,
						1,
						1
					],
					"height": 563.1400756835938,
					"position": [-350.69580078125, -277.0291748046875,
						342.62811279296875
					],
					"weightHard": false,
					"weightScale": [
						1,
						1,
						1
					],
					"mirrored": false,
					"twinId": 0,
					"flooded": false,
					"pathable": false,
					"mergeable": false,
					"no_features": false
				}, {
					"weight": [
						0,
						0,
						0,
						0
					],
					"spec": "/pa/terrain/metal/brushes/metal_structure_11.json",
					"proj": "BP_Bend",
					"transform": [
						0.45772284269332886, -0.6345639824867249, -0.6227506399154663, -350.69586181640625,
						0.40161120891571045,
						0.7724680304527283, -0.491936594247818, -277.0292053222656, -0.7932202816009521,
						0.024933040142059326, -0.6084243059158325, -342.62811279296875
					],
					"op": "BO_Add",
					"rotation": 0.6999998688697815,
					"scale": [
						1,
						1,
						1
					],
					"height": 563.1400756835938,
					"position": [-350.69580078125, -277.0291748046875,
						342.62811279296875
					],
					"weightHard": false,
					"weightScale": [
						1,
						1,
						1
					],
					"mirrored": true,
					"twinId": 0,
					"flooded": false,
					"pathable": false,
					"mergeable": false,
					"no_features": false
				}, {
					"weight": [
						0,
						0,
						0,
						0
					],
					"spec": "/pa/terrain/metal/brushes/metal_trench_03.json",
					"proj": "BP_Bend",
					"transform": [
						0.047770142555236816, -0.9794670343399048, -0.1958630532026291, -109.45198059082031,
						0.245623379945755,
						0.20158472657203674, -0.9481734037399292, -529.8572387695312,
						0.9681875705718994, -0.002814173698425293,
						0.2502097487449646,
						139.8219451904297
					],
					"op": "BO_Subtract",
					"rotation": 1.3699992895126343,
					"scale": [
						1,
						1,
						1
					],
					"height": 558.8189086914062,
					"position": [-109.45198059082031, -529.857177734375,
						139.82199096679688
					],
					"weightHard": false,
					"weightScale": [
						1,
						1,
						1
					],
					"mirrored": false,
					"twinId": 0,
					"flooded": false,
					"pathable": true,
					"mergeable": false,
					"no_features": true
				}, {
					"weight": [
						0,
						0,
						0,
						0
					],
					"spec": "/pa/terrain/metal/brushes/metal_trench_03.json",
					"proj": "BP_Bend",
					"transform": [
						0.047770142555236816, -0.9794670343399048, -0.1958630532026291, -109.45198059082031,
						0.245623379945755,
						0.20158472657203674, -0.9481734037399292, -529.8572387695312, -0.9681875705718994,
						0.002814173698425293, -0.2502097487449646, -139.82192993164062
					],
					"op": "BO_Subtract",
					"rotation": 1.3699992895126343,
					"scale": [
						1,
						1,
						1
					],
					"height": 558.8189086914062,
					"position": [-109.45198059082031, -529.857177734375,
						139.82199096679688
					],
					"weightHard": false,
					"weightScale": [
						1,
						1,
						1
					],
					"mirrored": true,
					"twinId": 0,
					"flooded": false,
					"pathable": true,
					"mergeable": false,
					"no_features": true
				}, {
					"weight": [
						0,
						0,
						0,
						0
					],
					"spec": "/pa/terrain/metal/brushes/metal_trench_03.json",
					"proj": "BP_Bend",
					"transform": [
						0.15224623680114746, -0.9773150086402893, -0.14722944796085358, -82.81451416015625,
						0.641155481338501,
						0.21103030443191528, -0.7378250360488892, -415.0163269042969,
						0.7521573305130005,
						0.01793411374092102,
						0.6587395071983337,
						370.53179931640625
					],
					"op": "BO_Subtract",
					"rotation": 1.3499990701675415,
					"scale": [
						1,
						1,
						1
					],
					"height": 562.486083984375,
					"position": [-82.81451416015625, -415.01629638671875,
						370.5318603515625
					],
					"weightHard": false,
					"weightScale": [
						1,
						1,
						1
					],
					"mirrored": false,
					"twinId": 0,
					"flooded": false,
					"pathable": true,
					"mergeable": false,
					"no_features": true
				}, {
					"weight": [
						0,
						0,
						0,
						0
					],
					"spec": "/pa/terrain/metal/brushes/metal_trench_03.json",
					"proj": "BP_Bend",
					"transform": [
						0.15224623680114746, -0.9773150086402893, -0.14722944796085358, -82.81451416015625,
						0.641155481338501,
						0.21103030443191528, -0.7378250360488892, -415.016357421875, -0.7521573305130005, -0.01793411374092102, -0.6587395071983337, -370.53179931640625
					],
					"op": "BO_Subtract",
					"rotation": 1.3499990701675415,
					"scale": [
						1,
						1,
						1
					],
					"height": 562.486083984375,
					"position": [-82.81451416015625, -415.01629638671875,
						370.5318603515625
					],
					"weightHard": false,
					"weightScale": [
						1,
						1,
						1
					],
					"mirrored": true,
					"twinId": 0,
					"flooded": false,
					"pathable": true,
					"mergeable": false,
					"no_features": true
				}, {
					"weight": [
						0,
						0,
						0,
						0
					],
					"spec": "/pa/terrain/metal/brushes/metal_structure_09.json",
					"proj": "BP_Bend",
					"transform": [
						0.28676295280456543, -0.7415355443954468, -0.606541097164154, -335.7733154296875,
						0.9326740503311157,
						0.07147744297981262,
						0.35356763005256653,
						195.73048400878906, -0.218828946352005, -0.6670952439308167,
						0.7121080756187439,
						394.2138366699219
					],
					"op": "BO_Add",
					"rotation": 1.3599992990493774,
					"scale": [
						1,
						1,
						1
					],
					"height": 553.5870971679688,
					"position": [-335.7732849121094,
						195.73046875,
						394.2138671875
					],
					"weightHard": false,
					"weightScale": [
						1,
						1,
						1
					],
					"mirrored": false,
					"twinId": 0,
					"flooded": false,
					"pathable": false,
					"mergeable": false,
					"no_features": false
				}, {
					"weight": [
						0,
						0,
						0,
						0
					],
					"spec": "/pa/terrain/metal/brushes/metal_structure_09.json",
					"proj": "BP_Bend",
					"transform": [
						0.28676295280456543, -0.7415355443954468, -0.606541097164154, -335.7733154296875,
						0.9326740503311157,
						0.07147744297981262,
						0.35356763005256653,
						195.73048400878906,
						0.218828946352005,
						0.6670952439308167, -0.7121080756187439, -394.2138366699219
					],
					"op": "BO_Add",
					"rotation": 1.3599992990493774,
					"scale": [
						1,
						1,
						1
					],
					"height": 553.5870971679688,
					"position": [-335.7732849121094,
						195.73046875,
						394.2138671875
					],
					"weightHard": false,
					"weightScale": [
						1,
						1,
						1
					],
					"mirrored": true,
					"twinId": 0,
					"flooded": false,
					"pathable": false,
					"mergeable": false,
					"no_features": false
				}, {
					"weight": [
						0,
						0,
						0,
						0
					],
					"spec": "/pa/terrain/metal/brushes/metal_structure_09.json",
					"proj": "BP_Bend",
					"transform": [
						0.7252779603004456, -0.49027547240257263, -0.4833236336708069, -267.58160400390625,
						0.686657190322876,
						0.46443071961402893,
						0.5592905879020691,
						309.6390686035156, -0.049736082553863525, -0.7375187873840332,
						0.6734925508499146,
						372.864501953125
					],
					"op": "BO_Add",
					"rotation": 0.7799997925758362,
					"scale": [
						1,
						1,
						1
					],
					"height": 553.6282348632812,
					"position": [-267.5816650390625,
						309.63909912109375,
						372.864501953125
					],
					"weightHard": false,
					"weightScale": [
						1,
						1,
						1
					],
					"mirrored": false,
					"twinId": 0,
					"flooded": false,
					"pathable": false,
					"mergeable": false,
					"no_features": false
				}, {
					"weight": [
						0,
						0,
						0,
						0
					],
					"spec": "/pa/terrain/metal/brushes/metal_structure_09.json",
					"proj": "BP_Bend",
					"transform": [
						0.7252779603004456, -0.49027547240257263, -0.4833236336708069, -267.58160400390625,
						0.686657190322876,
						0.46443071961402893,
						0.5592905879020691,
						309.6390686035156,
						0.049736082553863525,
						0.7375187873840332, -0.6734925508499146, -372.864501953125
					],
					"op": "BO_Add",
					"rotation": 0.7799997925758362,
					"scale": [
						1,
						1,
						1
					],
					"height": 553.6282348632812,
					"position": [-267.5816650390625,
						309.63909912109375,
						372.864501953125
					],
					"weightHard": false,
					"weightScale": [
						1,
						1,
						1
					],
					"mirrored": true,
					"twinId": 0,
					"flooded": false,
					"pathable": false,
					"mergeable": false,
					"no_features": false
				}, {
					"weight": [
						0,
						0,
						0,
						0
					],
					"spec": "/pa/terrain/metal/brushes/metal_structure_06.json",
					"proj": "BP_Bend",
					"transform": [
						0.7521622180938721,
						0.007926911115646362, -0.6589303016662598, -364.7688903808594,
						0.6589778065681458, -0.009858101606369019,
						0.7520977854728699,
						416.34429931640625, -0.0005340278148651123, -0.9999200105667114, -0.012638568878173828, -6.996425151824951
					],
					"op": "BO_Add",
					"rotation": 0.7199998497962952,
					"scale": [
						1,
						1,
						1
					],
					"height": 553.5773315429688,
					"position": [-364.7689208984375,
						416.34429931640625, -6.9963836669921875
					],
					"weightHard": false,
					"weightScale": [
						1,
						1,
						1
					],
					"mirrored": false,
					"twinId": 0,
					"flooded": false,
					"pathable": false,
					"mergeable": false,
					"no_features": false
				}, {
					"weight": [
						0,
						0,
						0,
						0
					],
					"spec": "/pa/terrain/metal/brushes/metal_structure_06.json",
					"proj": "BP_Bend",
					"transform": [
						0.7521622180938721,
						0.007926911115646362, -0.6589303016662598, -364.7689208984375,
						0.6589778065681458, -0.009858101606369019,
						0.7520977854728699,
						416.3443298339844,
						0.0005340278148651123,
						0.9999200105667114,
						0.012638568878173828,
						6.996425151824951
					],
					"op": "BO_Add",
					"rotation": 0.7199998497962952,
					"scale": [
						1,
						1,
						1
					],
					"height": 553.5773315429688,
					"position": [-364.7689208984375,
						416.34429931640625, -6.9963836669921875
					],
					"weightHard": false,
					"weightScale": [
						1,
						1,
						1
					],
					"mirrored": true,
					"twinId": 0,
					"flooded": false,
					"pathable": false,
					"mergeable": false,
					"no_features": false
				}, {
					"weight": [
						0,
						0,
						0,
						0
					],
					"spec": "/pa/terrain/metal/brushes/metal_t1_large_4_ramp.json",
					"proj": "BP_Bend",
					"transform": [
						0.30542832612991333, -0.3738964796066284,
						0.4645593464374542,
						383.83013916015625, -0.2544656991958618,
						0.39032483100891113,
						0.48145008087158203,
						397.7856750488281, -0.5393154621124268, -0.39591461420059204,
						0.03592899814248085,
						29.685405731201172
					],
					"op": "BO_Add",
					"rotation": 0.17000000178813934,
					"scale": [
						0.6700003147125244,
						0.6700003147125244,
						0.6700003147125244
					],
					"height": 553.5704345703125,
					"position": [
						383.83013916015625,
						397.78564453125,
						29.68539047241211
					],
					"weightHard": false,
					"weightScale": [
						1,
						1,
						1
					],
					"mirrored": false,
					"twinId": 0,
					"flooded": false,
					"pathable": true,
					"mergeable": true,
					"no_features": true
				}, {
					"weight": [
						0,
						0,
						0,
						0
					],
					"spec": "/pa/terrain/metal/brushes/metal_t1_large_4_ramp.json",
					"proj": "BP_Bend",
					"transform": [
						0.30542832612991333, -0.3738964796066284,
						0.4645593464374542,
						383.83013916015625, -0.2544656991958618,
						0.39032483100891113,
						0.48145008087158203,
						397.7856750488281,
						0.5393154621124268,
						0.39591461420059204, -0.03592899814248085, -29.685405731201172
					],
					"op": "BO_Add",
					"rotation": 0.17000000178813934,
					"scale": [
						0.6700003147125244,
						0.6700003147125244,
						0.6700003147125244
					],
					"height": 553.5704345703125,
					"position": [
						383.83013916015625,
						397.78564453125,
						29.68539047241211
					],
					"weightHard": false,
					"weightScale": [
						1,
						1,
						1
					],
					"mirrored": true,
					"twinId": 0,
					"flooded": false,
					"pathable": true,
					"mergeable": false,
					"no_features": true
				}, {
					"weight": [
						0,
						0,
						0,
						0
					],
					"spec": "/pa/terrain/generic/brushes/unit_cannon_wreckage.json",
					"proj": "BP_Bend",
					"transform": [-1.0883408784866333,
						1.572191596031189, -1.0879900455474854, -273.6999206542969,
						0.9976880550384521,
						1.5349498987197876,
						1.2200582027435303,
						306.9236145019531,
						1.630989909172058,
						0.11016571521759033, -1.4723217487335205, -370.3841857910156
					],
					"op": "BO_Add",
					"rotation": -0.909999430179596,
					"scale": [
						2.1999988555908203,
						2.1999988555908203,
						2.1999988555908203
					],
