{
    "name": "GlobalWarmingIsntReal",
	"creator":"flubb",
	"version":"1.0",
	"date":"29/8/2016",
	"description":"Close spawns with lots of expansion in the back. Will you go for tanks to invade the base or bots to raid. Forgetting naval could be potentially deadly. Air might be important too.",
    "planets": [
        {
            "name": "SmileyFace",
            "mass": 10000,
            "position_x": 12951.669921875,
            "position_y": -259.03338623046875,
            "velocity_x": 3.928446054458618,
            "velocity_y": 196.42276000976562,
            "required_thrust_to_move": 0,
            "starting_planet": true,
            "respawn": false,
            "start_destroyed": false,
            "min_spawn_delay": 0,
            "max_spawn_delay": 0,
            "planet": {
                "seed": 340903296,
                "radius": 666,
                "heightRange": 35,
                "waterHeight": 33,
                "waterDepth": 100,
                "temperature": 100,
                "metalDensity": 0,
                "metalClusters": 110,
                "metalSpotLimit": -1,
                "biomeScale": 75.00000006869588,
                "biome": "desert",
                "symmetryType": "terrain and CSG",
                "symmetricalMetal": true,
                "symmetricalStarts": false,
                "numArmies": 2,
                "landingZonesPerArmy": 1,
                "landingZoneSize": 145
            },
            "source": {
                "brushes": [
                    {
                        "weight": [
                            1,
                            1,
                            1,
                            1
                        ],
                        "spec": "/pa/terrain/desert/brushes/desert_plateau_02.json",
                        "proj": "BP_Bend",
                        "transform": [
                            0.3691082000732422,
                            -0.6229439973831177,
                            -0.24905256927013397,
                            -212.06517028808594,
                            0.3567017614841461,
                            -0.05852298438549042,
                            0.675030529499054,
                            574.7800903320312,
                            -0.5681991577148438,
                            -0.4414103627204895,
                            0.26198071241378784,
                            223.0733184814453
                        ],
                        "op": "BO_Add",
                        "rotation": 1.263782262802124,
                        "scale": [
                            0.7657201290130615,
                            0.7657201290130615,
                            0.7657201290130615
                        ],
                        "height": 652.0011596679688,
                        "position": [
                            -212.06517028808594,
                            574.7801513671875,
                            223.07330322265625
                        ],
                        "weightHard": false,
                        "weightScale": [
                            1,
                            1,
                            1
                        ],
                        "mirrored": false,
                        "twinId": 0,
                        "flooded": false,
                        "pathable": false,
                        "mergeable": false,
                        "no_features": false
                    },
                    {
                        "weight": [
                            1,
                            1,
                            1,
                            1
                        ],
                        "spec": "/pa/terrain/desert/brushes/desert_plateau_02.json",
                        "proj": "BP_Bend",
                        "transform": [
                            0.6610310077667236,
                            0.3491370975971222,
                            -0.7959436178207397,
                            -477.0621032714844,
                            -0.005685895681381226,
                            1.001705288887024,
                            0.4346713721752167,
                            260.5275573730469,
                            0.8691321611404419,
                            -0.2589881122112274,
                            0.6082100868225098,
                            364.5408935546875
                        ],
                        "op": "BO_Add",
                        "rotation": 6.072941780090332,
                        "scale": [
                            1.091963768005371,
                            1.091963768005371,
                            1.091963768005371
                        ],
                        "height": 654.4867553710938,
                        "position": [
                            -477.06207275390625,
                            260.5275573730469,
                            364.5408935546875
                        ],
                        "weightHard": false,
                        "weightScale": [
                            1,
                            1,
                            1
                        ],
                        "mirrored": false,
                        "twinId": 0,
                        "flooded": false,
                        "pathable": false,
                        "mergeable": false,
                        "no_features": false
                    },
                    {
                        "weight": [
                            1,
                            1,
                            1,
                            1
                        ],
                        "spec": "/pa/terrain/desert/brushes/desert_plateau_02.json",
                        "proj": "BP_Bend",
                        "transform": [
                            -0.25561559200286865,
                            1.0400067567825317,
                            -0.15110501646995544,
                            -92.43511962890625,
                            -0.14928507804870605,
                            0.11800038814544678,
                            1.0646953582763672,
                            651.3036499023438,
                            1.0402696132659912,
                            0.27248477935791016,
                            0.11566069722175598,
                            70.75285339355469
                        ],
                        "op": "BO_Add",
                        "rotation": 4.597189426422119,
                        "scale": [
                            1.081566572189331,
                            1.081566572189331,
                            1.081566572189331
                        ],
                        "height": 661.6242065429688,
                        "position": [
                            -92.43511962890625,
                            651.3035888671875,
                            70.7529296875
                        ],
                        "weightHard": false,
                        "weightScale": [
                            1,
                            1,
                            1
                        ],
                        "mirrored": false,
                        "twinId": 0,
                        "flooded": false,
                        "pathable": false,
                        "mergeable": false,
                        "no_features": false
                    },
                    {
                        "weight": [
                            1,
                            1,
                            1,
                            1
                        ],
                        "spec": "/pa/terrain/desert/brushes/desert_plateau_02.json",
                        "proj": "BP_Bend",
                        "transform": [
                            0.3691082000732422,
                            -0.6229439973831177,
                            -0.24905256927013397,
                            -212.06517028808594,
                            0.3567017614841461,
                            -0.05852298438549042,
                            0.675030529499054,
                            574.7800903320312,
                            0.5681991577148438,
                            0.4414103627204895,
                            -0.26198071241378784,
                            -223.0733184814453
                        ],
                        "op": "BO_Add",
                        "rotation": 1.263782262802124,
                        "scale": [
                            0.7657201290130615,
                            0.7657201290130615,
                            0.7657201290130615
                        ],
                        "height": 652.0011596679688,
                        "position": [
                            -212.06517028808594,
                            574.7801513671875,
                            223.07330322265625
                        ],
                        "weightHard": false,
                        "weightScale": [
                            1,
                            1,
                            1
                        ],
                        "mirrored": true,
                        "twinId": 0,
                        "flooded": false,
                        "pathable": false,
                        "mergeable": false,
                        "no_features": false
                    },
                    {
                        "weight": [
                            1,
                            1,
                            1,
                            1
                        ],
                        "spec": "/pa/terrain/desert/brushes/desert_plateau_02.json",
                        "proj": "BP_Bend",
                        "transform": [
                            0.6610310077667236,
                            0.3491370975971222,
                            -0.7959436178207397,
                            -477.06207275390625,
                            -0.005685895681381226,
                            1.001705288887024,
                            0.4346713721752167,
                            260.5275573730469,
                            -0.8691321611404419,
                            0.2589881122112274,
                            -0.6082100868225098,
                            -364.5408935546875
                        ],
                        "op": "BO_Add",
                        "rotation": 6.072941780090332,
                        "scale": [
                            1.091963768005371,
                            1.091963768005371,
                            1.091963768005371
                        ],
                        "height": 654.4867553710938,
                        "position": [
                            -477.06207275390625,
                            260.5275573730469,
                            364.5408935546875
                        ],
                        "weightHard": false,
                        "weightScale": [
                            1,
                            1,
                            1
                        ],
                        "mirrored": true,
                        "twinId": 0,
                        "flooded": false,
                        "pathable": false,
                        "mergeable": false,
                        "no_features": false
                    },
                    {
                        "weight": [
                            1,
                            1,
                            1,
                            1
                        ],
                        "spec": "/pa/terrain/desert/brushes/desert_plateau_02.json",
                        "proj": "BP_Bend",
                        "transform": [
                            -0.25561559200286865,
                            1.0400067567825317,
                            -0.15110501646995544,
                            -92.43511962890625,
                            -0.14928507804870605,
                            0.11800038814544678,
                            1.0646953582763672,
                            651.3036499023438,
                            -1.0402696132659912,
                            -0.27248477935791016,
                            -0.11566069722175598,
                            -70.75285339355469
                        ],
                        "op": "BO_Add",
                        "rotation": 4.597189426422119,
                        "scale": [
                            1.081566572189331,
                            1.081566572189331,
                            1.081566572189331
                        ],
                        "height": 661.6242065429688,
                        "position": [
                            -92.43511962890625,
                            651.3035888671875,
                            70.7529296875
                        ],
                        "weightHard": false,
                        "weightScale": [
                            1,
                            1,
                            1
                        ],
                        "mirrored": true,
                        "twinId": 0,
                        "flooded": false,
                        "pathable": false,
                        "mergeable": false,
                        "no_features": false
                    },
                    {
                        "weight": [
                            1,
                            1,
                            1,
                            1
                        ],
                        "spec": "/pa/terrain/desert/brushes/desert_plateau_10.json",
                        "proj": "BP_Bend",
                        "transform": [
                            0.3266834616661072,
                            0.15784355998039246,
                            0.9318600296974182,
                            619.4818115234375,
                            0.15784355998039246,
                            0.9629971981048584,
                            -0.21845312416553497,
                            -145.22325134277344,
                            -0.9318600296974182,
                            0.21845312416553497,
                            0.2896806597709656,
                            192.57388305664062
                        ],
                        "op": "BO_Add",
                        "rotation": 0,
                        "scale": [
                            1,
                            1,
                            1
                        ],
                        "height": 664.7799072265625,
                        "position": [
                            619.48193359375,
                            -145.2232666015625,
                            192.57373046875
                        ],
                        "weightHard": false,
                        "weightScale": [
                            1,
                            1,
                            1
                        ],
                        "mirrored": false,
                        "twinId": 0,
                        "flooded": false,
                        "pathable": false,
                        "mergeable": false,
                        "no_features": false
                    },
                    {
                        "weight": [
                            1,
                            1,
                            1,
                            1
                        ],
                        "spec": "/pa/terrain/desert/brushes/desert_plateau_10.json",
                        "proj": "BP_Bend",
                        "transform": [
                            0.3266834616661072,
                            0.15784355998039246,
                            0.9318600296974182,
                            619.4818115234375,
                            0.15784355998039246,
                            0.9629971981048584,
                            -0.21845312416553497,
                            -145.22325134277344,
                            0.9318600296974182,
                            -0.21845312416553497,
                            -0.2896806597709656,
                            -192.57388305664062
                        ],
                        "op": "BO_Add",
                        "rotation": 0,
                        "scale": [
                            1,
                            1,
                            1
                        ],
                        "height": 664.7799072265625,
                        "position": [
                            619.48193359375,
                            -145.2232666015625,
                            192.57373046875
                        ],
                        "weightHard": false,
                        "weightScale": [
                            1,
                            1,
                            1
                        ],
                        "mirrored": true,
                        "twinId": 0,
                        "flooded": false,
                        "pathable": false,
                        "mergeable": false,
                        "no_features": false
                    },
                    {
                        "weight": [
                            1,
                            1,
                            1,
                            1
                        ],
                        "spec": "/pa/terrain/desert/brushes/desert_plateau_11.json",
                        "proj": "BP_Bend",
                        "transform": [
                            0.24823695421218872,
                            0.46304604411125183,
                            0.8508622646331787,
                            567.9943237304688,
                            0.46304604411125183,
                            0.7147882580757141,
                            -0.5240859389305115,
                            -349.8543395996094,
                            -0.8508622646331787,
                            0.5240859389305115,
                            -0.03697478771209717,
                            -24.682573318481445
                        ],
                        "op": "BO_Add",
                        "rotation": 0,
                        "scale": [
                            1,
                            1,
                            1
                        ],
                        "height": 667.5514526367188,
                        "position": [
                            567.994384765625,
                            -349.8543701171875,
                            -24.682655334472656
                        ],
                        "weightHard": false,
                        "weightScale": [
                            1,
                            1,
                            1
                        ],
                        "mirrored": false,
                        "twinId": 0,
                        "flooded": false,
                        "pathable": false,
                        "mergeable": false,
                        "no_features": false
                    },
                    {
                        "weight": [
                            1,
                            1,
                            1,
                            1
                        ],
                        "spec": "/pa/terrain/desert/brushes/desert_plateau_11.json",
                        "proj": "BP_Bend",
                        "transform": [
                            0.24823695421218872,
                            0.46304604411125183,
                            0.8508622646331787,
                            567.9943237304688,
                            0.46304604411125183,
                            0.7147882580757141,
                            -0.5240859389305115,
                            -349.8543395996094,
                            0.8508622646331787,
                            -0.5240859389305115,
                            0.03697478771209717,
                            24.682573318481445
                        ],
                        "op": "BO_Add",
                        "rotation": 0,
                        "scale": [
                            1,
                            1,
                            1
                        ],
                        "height": 667.5514526367188,
                        "position": [
                            567.994384765625,
                            -349.8543701171875,
                            -24.682655334472656
                        ],
                        "weightHard": false,
                        "weightScale": [
                            1,
                            1,
                            1
                        ],
                        "mirrored": true,
                        "twinId": 0,
                        "flooded": false,
                        "pathable": false,
                        "mergeable": false,
                        "no_features": false
                    },
                    {
                        "weight": [
                            1,
                            1,
                            1,
                            1
                        ],
                        "spec": "/pa/terrain/desert/brushes/desert_plateau_08.json",
                        "proj": "BP_Bend",
                        "transform": [
                            0.656165599822998,
                            -0.46685776114463806,
                            -0.5928664207458496,
                            -400.43310546875,
                            -0.46685776114463806,
                            0.3661012649536133,
                            -0.8049930930137634,
                            -543.7074584960938,
                            0.5928664207458496,
                            0.8049930930137634,
                            0.022266864776611328,
                            15.039458274841309
                        ],
                        "op": "BO_Add",
                        "rotation": 0,
                        "scale": [
                            1,
                            1,
                            1
                        ],
                        "height": 675.4187622070312,
                        "position": [
                            -400.43304443359375,
                            -543.7073364257812,
                            15.039588928222656
                        ],
                        "weightHard": false,
                        "weightScale": [
                            1,
                            1,
                            1
                        ],
                        "mirrored": false,
                        "twinId": 0,
                        "flooded": false,
                        "pathable": false,
                        "mergeable": false,
                        "no_features": false
                    },
                    {
                        "weight": [
                            1,
                            1,
                            1,
                            1
                        ],
                        "spec": "/pa/terrain/desert/brushes/desert_plateau_08.json",
                        "proj": "BP_Bend",
                        "transform": [
                            0.656165599822998,
                            -0.46685776114463806,
                            -0.5928664207458496,
                            -400.4331359863281,
                            -0.46685776114463806,
                            0.3661012649536133,
                            -0.8049930930137634,
                            -543.7074584960938,
                            -0.5928664207458496,
                            -0.8049930930137634,
                            -0.022266864776611328,
                            -15.039458274841309
                        ],
                        "op": "BO_Add",
                        "rotation": 0,
                        "scale": [
                            1,
                            1,
                            1
                        ],
                        "height": 675.4187622070312,
                        "position": [
                            -400.43304443359375,
                            -543.7073364257812,
                            15.039588928222656
                        ],
                        "weightHard": false,
                        "weightScale": [
                            1,
                            1,
                            1
                        ],
                        "mirrored": true,
                        "twinId": 0,
                        "flooded": false,
                        "pathable": false,
                        "mergeable": false,
                        "no_features": false
                    },
                    {
                        "weight": [
                            1,
                            1,
                            1,
                            1
                        ],
                        "spec": "/pa/terrain/desert/brushes/desert_plateau_08.json",
                        "proj": "BP_Bend",
                        "transform": [
                            0.8864927291870117,
                            -0.34368106722831726,
                            -0.3098612427711487,
                            -207.85446166992188,
                            -0.34368106722831726,
                            -0.040608763694763184,
                            -0.9382080435752869,
                            -629.3485717773438,
                            0.3098612427711487,
                            0.9382080435752869,
                            -0.15411603450775146,
                            -103.38080596923828
                        ],
                        "op": "BO_Add",
                        "rotation": 0,
                        "scale": [
                            1,
                            1,
                            1
                        ],
                        "height": 670.7985229492188,
                        "position": [
                            -207.85446166992188,
                            -629.3485107421875,
                            -103.38079071044922
                        ],
                        "weightHard": false,
                        "weightScale": [
                            1,
                            1,
                            1
                        ],
                        "mirrored": false,
                        "twinId": 0,
                        "flooded": false,
                        "pathable": false,
                        "mergeable": false,
                        "no_features": false
                    },
                    {
                        "weight": [
                            1,
                            1,
                            1,
                            1
                        ],
                        "spec": "/pa/terrain/desert/brushes/desert_plateau_08.json",
                        "proj": "BP_Bend",
                        "transform": [
                            0.8864927291870117,
                            -0.34368106722831726,
                            -0.3098612427711487,
                            -207.85446166992188,
                            -0.34368106722831726,
                            -0.040608763694763184,
                            -0.9382080435752869,
                            -629.3485717773438,
                            -0.3098612427711487,
                            -0.9382080435752869,
                            0.15411603450775146,
                            103.38080596923828
                        ],
                        "op": "BO_Add",
                        "rotation": 0,
                        "scale": [
                            1,
                            1,
                            1
                        ],
                        "height": 670.7985229492188,
                        "position": [
                            -207.85446166992188,
                            -629.3485107421875,
                            -103.38079071044922
                        ],
                        "weightHard": false,
                        "weightScale": [
                            1,
                            1,
                            1
                        ],
                        "mirrored": true,
                        "twinId": 0,
                        "flooded": false,
                        "pathable": false,
                        "mergeable": false,
                        "no_features": false
                    },
                    {
                        "weight": [
                            1,
                            1,
                            1,
                            1
                        ],
                        "spec": "/pa/terrain/desert/brushes/desert_plateau_10.json",
                        "proj": "BP_Bend",
                        "transform": [
                            0.9489719867706299,
                            -0.20436570048332214,
                            -0.2401808202266693,
                            -161.320068359375,
                            -0.20436570048332214,
                            0.18152129650115967,
                            -0.9619171619415283,
                            -646.0821533203125,
                            0.2401808202266693,
                            0.9619171619415283,
                            0.13049328327178955,
                            87.64723205566406
                        ],
                        "op": "BO_Add",
                        "rotation": 0,
                        "scale": [
                            1,
                            1,
                            1
                        ],
                        "height": 671.660888671875,
                        "position": [
                            -161.320068359375,
                            -646.0821533203125,
                            87.64735412597656
                        ],
                        "weightHard": false,
                        "weightScale": [
                            1,
                            1,
                            1
                        ],
                        "mirrored": false,
                        "twinId": 0,
                        "flooded": false,
                        "pathable": false,
                        "mergeable": false,
                        "no_features": false
                    },
                    {
                        "weight": [
                            1,
                            1,
                            1,
                            1
                        ],
                        "spec": "/pa/terrain/desert/brushes/desert_plateau_10.json",
                        "proj": "BP_Bend",
                        "transform": [
                            0.9489719867706299,
                            -0.20436570048332214,
                            -0.2401808202266693,
                            -161.320068359375,
                            -0.20436570048332214,
                            0.18152129650115967,
                            -0.9619171619415283,
                            -646.0821533203125,
                            -0.2401808202266693,
                            -0.9619171619415283,
                            -0.13049328327178955,
                            -87.64723205566406
                        ],
                        "op": "BO_Add",
                        "rotation": 0,
                        "scale": [
                            1,
                            1,
                            1
                        ],
                        "height": 671.660888671875,
                        "position": [
                            -161.320068359375,
                            -646.0821533203125,
                            87.64735412597656
                        ],
                        "weightHard": false,
                        "weightScale": [
                            1,
                            1,
                            1
                        ],
                        "mirrored": true,
                        "twinId": 0,
                        "flooded": false,
                        "pathable": false,
                        "mergeable": false,
                        "no_features": false
                    },
                    {
                        "weight": [
                            1,
                            1,
                            1,
                            1
                        ],
                        "spec": "/pa/terrain/desert/brushes/desert_plateau_10.json",
                        "proj": "BP_Bend",
                        "transform": [
                            0.5958614349365234,
                            -0.4825640618801117,
                            -0.6419353485107422,
                            -432.1993408203125,
                            -0.4825640618801117,
                            0.4237915277481079,
                            -0.7665067315101624,
                            -516.0701904296875,
                            0.6419353485107422,
                            0.7665067315101624,
                            0.019652962684631348,
                            13.231858253479004
                        ],
                        "op": "BO_Add",
                        "rotation": 0,
                        "scale": [
                            1,
                            1,
                            1
                        ],
                        "height": 673.2755126953125,
                        "position": [
                            -432.19940185546875,
                            -516.0702514648438,
                            13.231819152832031
                        ],
                        "weightHard": false,
                        "weightScale": [
                            1,
                            1,
                            1
                        ],
                        "mirrored": false,
                        "twinId": 0,
                        "flooded": false,
                        "pathable": false,
                        "mergeable": false,
                        "no_features": false
                    },
                    {
                        "weight": [
                            1,
                            1,
                            1,
                            1
                        ],
                        "spec": "/pa/terrain/desert/brushes/desert_plateau_10.json",
                        "proj": "BP_Bend",
                        "transform": [
                            0.5958614349365234,
                            -0.4825640618801117,
                            -0.6419353485107422,
                            -432.1993408203125,
                            -0.4825640618801117,
                            0.4237915277481079,
                            -0.7665067315101624,
                            -516.0701904296875,
                            -0.6419353485107422,
                            -0.7665067315101624,
                            -0.019652962684631348,
                            -13.231858253479004
                        ],
                        "op": "BO_Add",
                        "rotation": 0,
                        "scale": [
                            1,
                            1,
                            1
                        ],
                        "height": 673.2755126953125,
                        "position": [
                            -432.19940185546875,
                            -516.0702514648438,
                            13.231819152832031
                        ],
                        "weightHard": false,
                        "weightScale": [
                            1,
                            1,
                            1
                        ],
                        "mirrored": true,
                        "twinId": 0,
                        "flooded": false,
                        "pathable": false,
                        "mergeable": false,
                        "no_features": false
                    },
                    {
                        "weight": [
                            1,
                            1,
                            1,
                            1
                        ],
                        "spec": "/pa/terrain/desert/brushes/desert_plateau_10.json",
                        "proj": "BP_Bend",
                        "transform": [
                            0.13966310024261475,
                            0.32346951961517334,
                            -0.9358748197555542,
                            -613.1044921875,
                            0.32346951961517334,
                            0.8783819079399109,
                            0.35187026858329773,
                            230.5150604248047,
                            0.9358748197555542,
                            -0.35187026858329773,
                            0.018045008182525635,
                            11.821533203125
                        ],
                        "op": "BO_Add",
                        "rotation": 0,
                        "scale": [
                            1,
                            1,
                            1
                        ],
                        "height": 655.11376953125,
                        "position": [
                            -613.1044921875,
                            230.5150604248047,
                            11.821517944335938
                        ],
                        "weightHard": false,
                        "weightScale": [
                            1,
                            1,
                            1
                        ],
                        "mirrored": false,
                        "twinId": 0,
                        "flooded": false,
                        "pathable": false,
                        "mergeable": false,
                        "no_features": false
                    },
                    {
                        "weight": [
                            1,
                            1,
                            1,
                            1
                        ],
                        "spec": "/pa/terrain/desert/brushes/desert_plateau_10.json",
                        "proj": "BP_Bend",
                        "transform": [
                            0.13966310024261475,
                            0.32346951961517334,
                            -0.9358748197555542,
                            -613.1044921875,
                            0.32346951961517334,
                            0.8783819079399109,
                            0.35187026858329773,
                            230.5150604248047,
                            -0.9358748197555542,
                            0.35187026858329773,
