{
    "name": "PressButtonsWinGame",
	"creator":"flubb",
	"version":"1.0",
	"date":"16/10/2016",
	"description":"Not much csg, small map with a fair amount of metal and a few choke points.",
    "planets": [
        {
            "name": ":O",
            "mass": 10000,
            "position_x": 5000,
            "position_y": -100,
            "velocity_x": 1.21711266040802,
            "velocity_y": 182.56809997558594,
            "required_thrust_to_move": 0,
            "starting_planet": true,
            "respawn": false,
            "start_destroyed": false,
            "min_spawn_delay": 0,
            "max_spawn_delay": 0,
            "planet": {
                "seed": 1893619968,
                "radius": 420,
                "heightRange": 0,
                "waterHeight": 40,
                "waterDepth": 100,
                "temperature": 100,
                "metalDensity": 0,
                "metalClusters": 0,
                "metalSpotLimit": -1,
                "biomeScale": 50,
                "biome": "lava",
                "symmetryType": "terrain",
                "symmetricalMetal": true,
                "symmetricalStarts": true,
                "numArmies": 2,
                "landingZonesPerArmy": 0,
                "landingZoneSize": 66
            },
            "source": {
                "brushes": [
                    {
                        "spec": "/pa/terrain/mountain/brushes/mountain_t2_small_2_ramp.json",
                        "weight": [
                            1,
                            1,
                            1,
                            1
                        ],
                        "proj": "BP_Bend",
                        "op": "BO_Add",
                        "transform": [
                            0.398865282535553,
                            -0.8449916243553162,
                            0.3562241494655609,
                            146.161376953125,
                            -0.8449916243553162,
                            -0.18777167797088623,
                            0.5007303953170776,
                            205.45335388183594,
                            -0.3562241494655609,
                            -0.5007303953170776,
                            -0.7889063358306885,
                            -323.6940612792969
                        ],
                        "scale": [
                            1,
                            1,
                            1
                        ],
                        "rotation": 0,
                        "position": [
                            146.16134643554688,
                            205.45330810546875,
                            -323.69415283203125
                        ],
                        "height": 410.3073425292969,
                        "weightHard": false,
                        "weightScale": [
                            1,
                            1,
                            1
                        ],
                        "mirrored": false,
                        "twinId": 0,
                        "flooded": false,
                        "pathable": true,
                        "mergeable": false,
                        "no_features": false
                    },
                    {
                        "spec": "/pa/terrain/mountain/brushes/mountain_t2_small_2_ramp.json",
                        "weight": [
                            1,
                            1,
                            1,
                            1
                        ],
                        "proj": "BP_Bend",
                        "op": "BO_Add",
                        "transform": [
                            0.398865282535553,
                            -0.8449916243553162,
                            0.3562241494655609,
                            146.161376953125,
                            -0.8449916243553162,
                            -0.18777167797088623,
                            0.5007303953170776,
                            205.45333862304688,
                            0.3562241494655609,
                            0.5007303953170776,
                            0.7889063358306885,
                            323.6940612792969
                        ],
                        "scale": [
                            1,
                            1,
                            1
                        ],
                        "rotation": 0,
                        "position": [
                            146.16134643554688,
                            205.45330810546875,
                            -323.69415283203125
                        ],
                        "height": 410.3073425292969,
                        "weightHard": false,
                        "weightScale": [
                            1,
                            1,
                            1
                        ],
                        "mirrored": true,
                        "twinId": 0,
                        "flooded": false,
                        "pathable": true,
                        "mergeable": false,
                        "no_features": false
                    },
                    {
                        "spec": "/pa/terrain/lava/brushes/lava_metal_t2_medium_2_ramp.json",
                        "weight": [
                            1,
                            1,
                            1,
                            1
                        ],
                        "proj": "BP_Bend",
                        "op": "BO_Add",
                        "transform": [
                            -0.008373856544494629,
                            0.711683988571167,
                            0.7024498581886292,
                            295.6601257324219,
                            -0.017219752073287964,
                            0.7022677659988403,
                            -0.7117046117782593,
                            -299.5554504394531,
                            -0.9998166561126709,
                            -0.018055707216262817,
                            0.006374359130859375,
                            2.6829586029052734
                        ],
                        "scale": [
                            1,
                            1,
                            1
                        ],
                        "rotation": -0.8099995255470276,
                        "position": [
                            295.66015625,
                            -299.55548095703125,
                            2.6829376220703125
                        ],
                        "height": 420.8985595703125,
                        "weightHard": false,
                        "weightScale": [
                            1,
                            1,
                            1
                        ],
                        "mirrored": false,
                        "twinId": 0,
                        "flooded": false,
                        "pathable": true,
                        "mergeable": false,
                        "no_features": true
                    },
                    {
                        "spec": "/pa/terrain/lava/brushes/lava_metal_t3_small_2x_1_ramp.json",
                        "weight": [
                            1,
                            1,
                            1,
                            1
                        ],
                        "proj": "BP_Bend",
                        "op": "BO_Add",
                        "transform": [
                            0.2633903920650482,
                            -0.4496815800666809,
                            0.8534706234931946,
                            356.0571594238281,
                            0.6211230754852295,
                            0.7559826374053955,
                            0.2066311538219452,
                            86.20391082763672,
                            -0.7381271719932556,
                            0.47568565607070923,
                            0.47842615842819214,
                            199.59335327148438
                        ],
                        "scale": [
                            1,
                            1,
                            1
                        ],
                        "rotation": 0.8099995255470276,
                        "position": [
                            356.05712890625,
                            86.20390319824219,
                            199.59335327148438
                        ],
                        "height": 417.1873779296875,
                        "weightHard": false,
                        "weightScale": [
                            1,
                            1,
                            1
                        ],
                        "mirrored": false,
                        "twinId": 0,
                        "flooded": false,
                        "pathable": true,
                        "mergeable": false,
                        "no_features": true
                    },
                    {
                        "spec": "/pa/terrain/lava/brushes/lava_metal_t3_small_2x_1_ramp.json",
                        "weight": [
                            1,
                            1,
                            1,
                            1
                        ],
                        "proj": "BP_Bend",
                        "op": "BO_Add",
                        "transform": [
                            -0.2551869750022888,
                            -0.4512212872505188,
                            0.855148434638977,
                            356.83258056640625,
                            -0.6399617791175842,
                            0.7418032288551331,
                            0.20044180750846863,
                            83.63947296142578,
                            -0.7247954607009888,
                            -0.4961121678352356,
                            -0.47806286811828613,
                            -199.48397827148438
                        ],
                        "scale": [
                            1,
                            1,
                            1
                        ],
                        "rotation": -0.3699999153614044,
                        "position": [
                            356.8326416015625,
                            83.63948822021484,
                            -199.48394775390625
                        ],
                        "height": 417.2756042480469,
                        "weightHard": false,
                        "weightScale": [
                            1,
                            1,
                            1
                        ],
                        "mirrored": false,
                        "twinId": 0,
                        "flooded": false,
                        "pathable": true,
                        "mergeable": false,
                        "no_features": true
                    },
                    {
                        "spec": "/pa/terrain/lava/brushes/lava_t2_medium_long.json",
                        "weight": [
                            1,
                            1,
                            1,
                            1
                        ],
                        "proj": "BP_Bend",
                        "op": "BO_Add",
                        "transform": [
                            -0.16357283294200897,
                            -1.2303775548934937,
                            0.418943852186203,
                            133.0572967529297,
                            -0.01386851817369461,
                            0.42387667298316956,
                            1.2394495010375977,
                            393.6513366699219,
                            -1.299673080444336,
                            0.1503283977508545,
                            -0.06595280021429062,
                            -20.94672393798828
                        ],
                        "scale": [
                            1.309999704360962,
                            1.309999704360962,
                            1.309999704360962
                        ],
                        "rotation": 1.3599990606307983,
                        "position": [
                            133.05731201171875,
                            393.6513671875,
                            -20.946823120117188
                        ],
                        "height": 416.0581970214844,
                        "weightHard": false,
                        "weightScale": [
                            1,
                            1,
                            1
                        ],
                        "mirrored": false,
                        "twinId": 0,
                        "flooded": false,
                        "pathable": true,
                        "mergeable": false,
                        "no_features": false
                    },
                    {
                        "spec": "/pa/terrain/lava/brushes/lava_plateau_04.json",
                        "weight": [
                            1,
                            1,
                            1,
                            1
                        ],
                        "proj": "BP_Bend",
                        "op": "BO_Add",
                        "transform": [
                            0.7816077470779419,
                            -0.27034100890159607,
                            -0.5621432065963745,
                            -235.65634155273438,
                            -0.27034100890159607,
                            0.6653532385826111,
                            -0.6958597302436829,
                            -291.7117004394531,
                            0.5621432065963745,
                            0.6958597302436829,
                            0.446960985660553,
                            187.37074279785156
                        ],
                        "scale": [
                            1,
                            1,
                            1
                        ],
                        "rotation": 0,
                        "position": [
                            -235.6563720703125,
                            -291.71173095703125,
                            187.37074279785156
                        ],
                        "height": 419.21051025390625,
                        "weightHard": false,
                        "weightScale": [
                            1,
                            1,
                            1
                        ],
                        "mirrored": false,
                        "twinId": 0,
                        "flooded": false,
                        "pathable": false,
                        "mergeable": false,
                        "no_features": false
                    },
                    {
                        "spec": "/pa/terrain/lava/brushes/lava_plateau_04.json",
                        "weight": [
                            1,
                            1,
                            1,
                            1
                        ],
                        "proj": "BP_Bend",
                        "op": "BO_Add",
                        "transform": [
                            0.43852323293685913,
                            -0.7022448182106018,
                            -0.5608471632003784,
                            -235.1118621826172,
                            -0.7022448182106018,
                            0.12169504165649414,
                            -0.7014573812484741,
                            -294.0568542480469,
                            0.5608471632003784,
                            0.7014573812484741,
                            -0.43978166580200195,
                            -184.3601837158203
                        ],
                        "scale": [
                            1,
                            1,
                            1
                        ],
                        "rotation": 0,
                        "position": [
                            -235.11187744140625,
                            -294.056884765625,
                            -184.36016845703125
                        ],
                        "height": 419.20843505859375,
                        "weightHard": false,
                        "weightScale": [
                            1,
                            1,
                            1
                        ],
                        "mirrored": false,
                        "twinId": 0,
                        "flooded": false,
                        "pathable": false,
                        "mergeable": false,
                        "no_features": false
                    },
                    {
                        "spec": "/pa/terrain/lava/brushes/lava_plateau_04.json",
                        "weight": [
                            1,
                            1,
                            1,
                            1
                        ],
                        "proj": "BP_Bend",
                        "op": "BO_Add",
                        "transform": [
                            0.19292038679122925,
                            0.5119707584381104,
                            -0.8370590209960938,
                            -350.4690246582031,
                            0.5119707584381104,
                            0.6752314567565918,
                            0.5309882164001465,
                            222.3199462890625,
                            0.8370590209960938,
                            -0.5309882164001465,
                            -0.13184821605682373,
                            -55.203651428222656
                        ],
                        "scale": [
                            1,
                            1,
                            1
                        ],
                        "rotation": 0,
                        "position": [
                            -350.468994140625,
                            222.3199462890625,
                            -55.20351791381836
                        ],
                        "height": 418.69091796875,
                        "weightHard": false,
                        "weightScale": [
                            1,
                            1,
                            1
                        ],
                        "mirrored": false,
                        "twinId": 0,
                        "flooded": false,
                        "pathable": false,
                        "mergeable": false,
                        "no_features": false
                    },
                    {
                        "spec": "/pa/terrain/lava/brushes/lava_plateau_04.json",
                        "weight": [
                            1,
                            1,
                            1,
                            1
                        ],
                        "proj": "BP_Bend",
                        "op": "BO_Add",
                        "transform": [
                            -0.5766587257385254,
                            0.15963612496852875,
                            -0.801237165927887,
                            -335.24530029296875,
                            -0.81696617603302,
                            -0.11937069892883301,
                            0.5641958713531494,
                            236.06495666503906,
                            -0.005578190088272095,
                            0.9799320697784424,
                            0.19925343990325928,
                            83.36954498291016
                        ],
                        "scale": [
                            1,
                            1,
                            1
                        ],
                        "rotation": -2.1899983882904053,
                        "position": [
                            -335.24530029296875,
                            236.06497192382812,
                            83.36952209472656
                        ],
                        "height": 418.4095764160156,
                        "weightHard": false,
                        "weightScale": [
                            1,
                            1,
                            1
                        ],
                        "mirrored": false,
                        "twinId": 0,
                        "flooded": false,
                        "pathable": false,
                        "mergeable": false,
                        "no_features": false
                    }
                ],
                "metal_spots": [
                    [
                        352.33099365234375,
                        -112.99345397949219,
                        199.7286376953125
                    ],
                    [
                        352.33099365234375,
                        -112.99345397949219,
                        -199.7286376953125
                    ],
                    [
                        320.3642272949219,
                        -138.00732421875,
                        233.4530487060547
                    ],
                    [
                        320.3642272949219,
                        -138.00732421875,
                        -233.4530487060547
                    ],
                    [
                        344.7292175292969,
                        -82.72686767578125,
                        225.21624755859375
                    ],
                    [
                        344.7292175292969,
                        -82.72686767578125,
                        -225.21624755859375
                    ],
                    [
                        -35.197853088378906,
                        -373.25518798828125,
                        -189.39051818847656
                    ],
                    [
                        -35.197853088378906,
                        -373.25518798828125,
                        189.39051818847656
                    ],
                    [
                        -65.78414154052734,
                        -348.2396240234375,
                        -225.2335968017578
                    ],
                    [
                        -65.78414154052734,
                        -348.2396240234375,
                        225.2335968017578
                    ],
                    [
                        -131.1626434326172,
                        -352.99072265625,
                        -186.0396270751953
                    ],
                    [
                        -131.1626434326172,
                        -352.99072265625,
                        186.0396270751953
                    ],
                    [
                        -101.49897766113281,
                        -381.93597412109375,
                        -143.29432678222656
                    ],
                    [
                        -101.49897766113281,
                        -381.93597412109375,
                        143.29432678222656
                    ],
                    [
                        129.14730834960938,
                        211.60281372070312,
                        -353.042236328125
                    ],
                    [
                        129.14730834960938,
                        211.60281372070312,
                        353.042236328125
                    ],
                    [
                        169.5333251953125,
                        226.0579833984375,
                        -323.4185791015625
                    ],
                    [
                        169.5333251953125,
                        226.0579833984375,
                        323.4185791015625
                    ],
                    [
                        404.5777587890625,
                        100.0042724609375,
                        45.23405838012695
                    ],
                    [
                        404.5777587890625,
                        100.0042724609375,
                        -45.23405838012695
                    ],
                    [
                        414.60101318359375,
                        42.97377014160156,
                        47.33130645751953
                    ],
                    [
                        414.60101318359375,
                        42.97377014160156,
                        -47.33130645751953
                    ],
                    [
                        -353.69451904296875,
                        -222.77932739257812,
                        39.50078201293945
                    ],
                    [
                        -353.69451904296875,
                        -222.77932739257812,
                        -39.50078201293945
                    ],
                    [
                        -377.3980712890625,
                        -178.84671020507812,
                        40.15264129638672
                    ],
                    [
                        -377.3980712890625,
                        -178.84671020507812,
                        -40.15264129638672
                    ],
                    [
                        -396.52801513671875,
                        -129.4169921875,
                        44.33877944946289
                    ],
                    [
                        -396.52801513671875,
                        -129.4169921875,
                        -44.33877944946289
                    ],
                    [
                        365.80743408203125,
                        58.41974639892578,
                        252.14732360839844
                    ],
                    [
                        365.80743408203125,
                        58.41974639892578,
                        -252.14732360839844
                    ],
                    [
                        392.8756103515625,
                        125.61074829101562,
                        174.17233276367188
                    ],
                    [
                        392.8756103515625,
                        125.61074829101562,
                        -174.17233276367188
                    ],
                    [
                        264.00616455078125,
                        -349.05364990234375,
                        -52.02577209472656
                    ],
                    [
                        264.00616455078125,
                        -349.05364990234375,
                        52.02577209472656
                    ],
                    [
                        344.3648376464844,
                        -271.1745910644531,
                        -55.13146209716797
                    ],
                    [
                        344.3648376464844,
                        -271.1745910644531,
                        55.13146209716797
                    ],
                    [
                        -67.5706787109375,
                        -98.76258087158203,
                        -403.68585205078125
                    ],
                    [
                        -67.5706787109375,
                        -98.76258087158203,
                        403.68585205078125
                    ],
                    [
                        -77.64019775390625,
                        -35.19139099121094,
                        -411.943603515625
                    ],
                    [
                        -77.64019775390625,
                        -35.19139099121094,
                        411.943603515625
                    ],
                    [
                        -123.92330169677734,
                        -72.50274658203125,
                        -395.81878662109375
                    ],
                    [
                        -123.92330169677734,
                        -72.50274658203125,
                        395.81878662109375
                    ],
                    [
                        -226.995849609375,
                        -6.770172119140625,
                        353.36920166015625
                    ],
                    [
                        -226.995849609375,
                        -6.770172119140625,
                        -353.36920166015625
                    ],
                    [
                        -280.6738586425781,
                        -14.257003784179688,
                        311.26025390625
                    ],
                    [
                        -280.6738586425781,
                        -14.257003784179688,
                        -311.26025390625
                    ],
                    [
                        326.4688720703125,
                        301.108642578125,
                        -17.010622024536133
                    ],
                    [
                        -91.2049789428711,
                        434.31414794921875,
                        20.59697723388672
                    ],
                    [
                        211.98089599609375,
                        383.34954833984375,
                        -55.542327880859375
                    ],
                    [
                        53.030120849609375,
                        437.6370849609375,
                        -37.37474060058594
                    ],
                    [
                        -288.7571716308594,
                        302.69207763671875,
                        -28.850814819335938
                    ],
                    [
                        -294.3152160644531,
                        295.64923095703125,
                        42.42655563354492
                    ]
                ],
                "landing_zones": {
                    "list": [
                        [
                            -67.47834777832031,
                            -100.05853271484375,
                            -403.4034423828125
                        ],
                        [
                            -68.26675415039062,
                            -99.21804809570312,
                            403.470458984375
                        ]
                    ],
                    "rules": [
                        {
                            "min": 0,
                            "max": 10
                        },
                        {
                            "min": 0,
                            "max": 10
                        }
                    ]
                }
            },
            "planetCSG": [
                {
                    "spec": "/pa/terrain/mountain/brushes/mountain_t2_small_2_ramp.json",
                    "weight": [
                        1,
                        1,
                        1,
                        1
                    ],
                    "proj": "BP_Bend",
                    "op": "BO_Add",
                    "transform": [
                        0.398865282535553,
                        -0.8449916243553162,
                        0.3562241494655609,
                        146.161376953125,
                        -0.8449916243553162,
                        -0.18777167797088623,
                        0.5007303953170776,
                        205.45335388183594,
                        -0.3562241494655609,
                        -0.5007303953170776,
                        -0.7889063358306885,
                        -323.6940612792969
                    ],
                    "scale": [
                        1,
                        1,
                        1
                    ],
                    "rotation": 0,
                    "position": [
                        146.16134643554688,
                        205.45330810546875,
                        -323.69415283203125
                    ],
                    "height": 410.3073425292969,
                    "weightHard": false,
                    "weightScale": [
                        1,
                        1,
                        1
                    ],
                    "mirrored": false,
                    "twinId": 0,
                    "flooded": false,
                    "pathable": true,
                    "mergeable": false,
                    "no_features": false
                },
                {
                    "spec": "/pa/terrain/mountain/brushes/mountain_t2_small_2_ramp.json",
                    "weight": [
                        1,
                        1,
                        1,
                        1
                    ],
                    "proj": "BP_Bend",
                    "op": "BO_Add",
                    "transform": [
                        0.398865282535553,
                        -0.8449916243553162,
                        0.3562241494655609,
                        146.161376953125,
                        -0.8449916243553162,
                        -0.18777167797088623,
                        0.5007303953170776,
                        205.45333862304688,
                        0.3562241494655609,
                        0.5007303953170776,
                        0.7889063358306885,
                        323.6940612792969
                    ],
                    "scale": [
                        1,
                        1,
                        1
                    ],
                    "rotation": 0,
                    "position": [
                        146.16134643554688,
                        205.45330810546875,
                        -323.69415283203125
                    ],
                    "height": 410.3073425292969,
                    "weightHard": false,
                    "weightScale": [
                        1,
                        1,
                        1
                    ],
                    "mirrored": true,
                    "twinId": 0,
                    "flooded": false,
                    "pathable": true,
                    "mergeable": false,
                    "no_features": false
                },
                {
                    "spec": "/pa/terrain/lava/brushes/lava_metal_t2_medium_2_ramp.json",
                    "weight": [
                        1,
                        1,
                        1,
                        1
                    ],
                    "proj": "BP_Bend",
                    "op": "BO_Add",
                    "transform": [
                        -0.008373856544494629,
                        0.711683988571167,
                        0.7024498581886292,
                        295.6601257324219,
                        -0.017219752073287964,
                        0.7022677659988403,
                        -0.7117046117782593,
                        -299.5554504394531,
                        -0.9998166561126709,
                        -0.018055707216262817,
                        0.006374359130859375,
                        2.6829586029052734
                    ],
                    "scale": [
                        1,
                        1,
                        1
                    ],
                    "rotation": -0.8099995255470276,
                    "position": [
                        295.66015625,
                        -299.55548095703125,
                        2.6829376220703125
                    ],
                    "height": 420.8985595703125,
                    "weightHard": false,
                    "weightScale": [
                        1,
                        1,
                        1
                    ],
                    "mirrored": false,
                    "twinId": 0,
                    "flooded": false,
                    "pathable": true,
                    "mergeable": false,
                    "no_features": true
                },
                {
                    "spec": "/pa/terrain/lava/brushes/lava_metal_t3_small_2x_1_ramp.json",
                    "weight": [
                        1,
                        1,
                        1,
                        1
                    ],
                    "proj": "BP_Bend",
                    "op": "BO_Add",
                    "transform": [
                        0.2633903920650482,
                        -0.4496815800666809,
                        0.8534706234931946,
                        356.0571594238281,
                        0.6211230754852295,
                        0.7559826374053955,
                        0.2066311538219452,
                        86.20391082763672,
                        -0.7381271719932556,
                        0.47568565607070923,
                        0.47842615842819214,
                        199.59335327148438
                    ],
                    "scale": [
                        1,
                        1,
                        1
                    ],
                    "rotation": 0.8099995255470276,
                    "position": [
                        356.05712890625,
                        86.20390319824219,
                        199.59335327148438
                    ],
                    "height": 417.1873779296875,
                    "weightHard": false,
                    "weightScale": [
                        1,
                        1,
                        1
                    ],
                    "mirrored": false,
                    "twinId": 0,
                    "flooded": false,
                    "pathable": true,
                    "mergeable": false,
                    "no_features": true
                },
                {
                    "spec": "/pa/terrain/lava/brushes/lava_metal_t3_small_2x_1_ramp.json",
                    "weight": [
                        1,
                        1,
                        1,
                        1
                    ],
                    "proj": "BP_Bend",
                    "op": "BO_Add",
                    "transform": [
                        -0.2551869750022888,
                        -0.4512212872505188,
                        0.855148434638977,
                        356.83258056640625,
                        -0.6399617791175842,
                        0.7418032288551331,
                        0.20044180750846863,
                        83.63947296142578,
                        -0.7247954607009888,
                        -0.4961121678352356,
                        -0.47806286811828613,
                        -199.48397827148438
                    ],
                    "scale": [
                        1,
                        1,
                        1
                    ],
                    "rotation": -0.3699999153614044,
                    "position": [
                        356.8326416015625,
                        83.63948822021484,
                        -199.48394775390625
                    ],
                    "height": 417.2756042480469,
                    "weightHard": false,
                    "weightScale": [
                        1,
                        1,
                        1
                    ],
                    "mirrored": false,
                    "twinId": 0,
                    "flooded": false,
                    "pathable": true,
                    "mergeable": false,
                    "no_features": true
